-0.887418 -0.419727 0.190607 34.1786 12.9107 -6.21994
-0.888441 -0.417456 0.190827 34.1786 12.9107 -6.21994
-0.887961 -0.417456 0.193047 34.1786 12.9107 -6.21994
-0.887961 -0.417456 0.193047 34.1786 12.9107 -6.21994
-0.887961 -0.417456 0.193047 34.1786 12.9107 -6.21994
-0.887961 -0.417456 0.193047 34.1786 12.9107 -6.21994
-0.887961 -0.417456 0.193047 34.1786 12.9107 -6.21994
-0.888492 -0.415183 0.19549 34.1786 12.9107 -6.21994
-0.888492 -0.415183 0.19549 34.1786 12.9107 -6.21994
-0.888492 -0.415183 0.19549 34.1786 12.9107 -6.21994
-0.888492 -0.415183 0.19549 34.1786 12.9107 -6.21994
-0.888492 -0.415183 0.19549 34.1786 12.9107 -6.21994
-0.888492 -0.415183 0.19549 34.1786 12.9107 -6.21994
-0.888492 -0.415183 0.19549 34.1786 12.9107 -6.21994
-0.888492 -0.415183 0.19549 34.1786 12.9107 -6.21994
-0.888492 -0.415183 0.19549 34.1786 12.9107 -6.21994
-0.888492 -0.415183 0.19549 34.1786 12.9107 -6.21994
-0.888492 -0.415183 0.19549 34.1786 12.9107 -6.21994
-0.888492 -0.415183 0.19549 34.1786 12.9107 -6.21994
-0.888492 -0.415183 0.19549 34.1786 12.9107 -6.21994
-0.888492 -0.415183 0.19549 34.1786 12.9107 -6.21994
-0.888492 -0.415183 0.19549 34.1786 12.9107 -6.21994
-0.888492 -0.415183 0.19549 34.1786 12.9107 -6.21994
-0.888492 -0.415183 0.19549 34.1786 12.9107 -6.21994
-0.888492 -0.415183 0.19549 34.1786 12.9107 -6.21994
-0.888492 -0.415183 0.19549 34.1786 12.9107 -6.21994
-0.888492 -0.415183 0.19549 34.1786 12.9107 -6.21994
-0.888492 -0.415183 0.19549 34.1786 12.9107 -6.21994
-0.888492 -0.415183 0.19549 34.1786 12.9107 -6.21994
-0.887961 -0.417456 0.193047 34.1786 12.9107 -6.21994
-0.888441 -0.417456 0.190827 34.1786 12.9107 -6.21994
-0.887891 -0.419727 0.188388 34.1786 12.9107 -6.21994
-0.88836 -0.419727 0.186167 34.1786 12.9107 -6.21994
-0.88836 -0.419727 0.186167 34.1786 12.9107 -6.21994
-0.88836 -0.419727 0.186167 34.1786 12.9107 -6.21994
-0.88836 -0.419727 0.186167 34.1786 12.9107 -6.21994
-0.88836 -0.419727 0.186167 34.1786 12.9107 -6.21994
-0.88836 -0.419727 0.186167 34.1786 12.9107 -6.21994
-0.88836 -0.419727 0.186167 34.1786 12.9107 -6.21994
-0.88836 -0.419727 0.186167 34.1786 12.9107 -6.21994
-0.88836 -0.419727 0.186167 34.1786 12.9107 -6.21994
-0.88836 -0.419727 0.186167 34.1786 12.9107 -6.21994
-0.888249 -0.421994 0.181513 34.1786 12.9107 -6.21994
-0.8887 -0.421994 0.179292 34.1786 12.9107 -6.21994
-0.889145 -0.421994 0.177069 34.1786 12.9107 -6.21994
-0.888547 -0.42426 0.174642 34.1786 12.9107 -6.21994
-0.888547 -0.42426 0.174642 34.1786 12.9107 -6.21994
-0.888981 -0.42426 0.17242 34.1786 12.9107 -6.21994
-0.888981 -0.42426 0.17242 34.1786 12.9107 -6.21994
-0.889409 -0.42426 0.170197 34.1786 12.9107 -6.21994
-0.890661 -0.42426 0.163522 34.1786 12.9107 -6.21994
-0.891067 -0.42426 0.161294 34.1786 12.9107 -6.21994
-0.891467 -0.42426 0.159066 34.027 12.8386 -6.1929
-0.891862 -0.42426 0.156837 33.8754 12.7664 -6.16624
-0.891862 -0.42426 0.156837 33.7238 12.6943 -6.13957
-0.891862 -0.42426 0.156837 33.5722 12.6222 -6.11291
-0.891862 -0.42426 0.156837 33.4205 12.5501 -6.08625
-0.891862 -0.42426 0.156837 33.2689 12.478 -6.05959
-0.891862 -0.42426 0.156837 33.1173 12.4058 -6.03292
-0.891862 -0.42426 0.156837 32.9657 12.3337 -6.00626
-0.891862 -0.42426 0.156837 32.8141 12.2616 -5.9796
-0.891862 -0.42426 0.156837 32.6625 12.1895 -5.95294
-0.892252 -0.42426 0.154607 32.5108 12.1173 -5.92665
-0.893014 -0.42426 0.150144 32.359 12.0452 -5.90113
-0.895866 -0.421995 0.139132 32.2067 11.9735 -5.87748
-0.895866 -0.421995 0.139132 32.0544 11.9017 -5.85382
-0.900242 -0.417456 0.12372 31.9013 11.8308 -5.83279
-0.901882 -0.415183 0.119353 31.748 11.7602 -5.8125
-0.9106 -0.403779 0.0882145 31.5932 11.6915 -5.79751
-0.912635 -0.401491 0.0769099 31.4381 11.6233 -5.78443
-0.915516 -0.396906 0.065639 31.2824 11.5558 -5.77327
-0.918234 -0.392312 0.0543067 31.1263 11.4891 -5.76404
-0.922295 -0.385402 0.02913 30.9695 11.4236 -5.75909
-0.922295 -0.385402 0.02913 30.8127 11.3581 -5.75414
-0.923501 -0.383094 0.0199265 30.6558 11.293 -5.75075
-0.923501 -0.383094 0.0199265 30.4988 11.2278 -5.74736
-0.923501 -0.383094 0.0199265 30.3418 11.1627 -5.74397
-0.923501 -0.383094 0.0199265 30.1848 11.0976 -5.74059
-0.923501 -0.383094 0.0199265 30.0278 11.0324 -5.7372
-0.923501 -0.383094 0.0199265 29.8708 10.9673 -5.73381
-0.923501 -0.383094 0.0199265 29.7138 10.9022 -5.73042
-0.923501 -0.383094 0.0199265 29.5568 10.8371 -5.72704
-0.923501 -0.383094 0.0199265 29.3998 10.7719 -5.72365
-0.923501 -0.383094 0.0199265 29.2428 10.7068 -5.72026
-0.923501 -0.383094 0.0199265 29.0858 10.6417 -5.71687
-0.923548 -0.383094 0.0176176 28.9288 10.5766 -5.71388
-0.923589 -0.383094 0.0153087 28.7718 10.5114 -5.71128
-0.924609 -0.380784 0.0107017 28.6146 10.4467 -5.70946
-0.925614 -0.378471 -0.00317141 28.4572 10.3824 -5.71
-0.927383 -0.373838 -0.014771 28.2996 10.3188 -5.71251
-0.92812 -0.371518 -0.0240681 28.1418 10.2556 -5.7166
-0.929401 -0.366871 -0.0403858 27.9838 10.1933 -5.72346
-0.929401 -0.366871 -0.0403858 27.8258 10.1309 -5.73033
-0.929072 -0.366871 -0.0473551 27.6679 10.0685 -5.73838
-0.929072 -0.366871 -0.0473551 27.5099 10.0062 -5.74643
-0.929072 -0.366871 -0.0473551 27.352 9.94381 -5.75448
-0.929072 -0.366871 -0.0473551 27.194 9.88144 -5.76253
-0.929072 -0.366871 -0.0473551 27.0361 9.81907 -5.77058
-0.929072 -0.366871 -0.0473551 26.8782 9.7567 -5.77863
-0.929072 -0.366871 -0.0473551 26.7202 9.69433 -5.78668
-0.929072 -0.366871 -0.0473551 26.5623 9.63197 -5.79473
-0.929072 -0.366871 -0.0473551 26.4043 9.5696 -5.80278
-0.929072 -0.366871 -0.0473551 26.2464 9.50723 -5.81083
-0.929072 -0.366871 -0.0473551 26.0885 9.44486 -5.81889
-0.929985 -0.364545 -0.0474017 25.9304 9.38289 -5.82694
-0.929985 -0.364545 -0.0474017 25.7723 9.32092 -5.835
-0.929985 -0.364545 -0.0474017 25.6142 9.25894 -5.84306
-0.929985 -0.364545 -0.0474017 25.4561 9.19697 -5.85112
-0.930101 -0.364545 -0.0450766 25.2979 9.135 -5.85878
-0.931008 -0.362215 -0.0451205 25.1397 9.07342 -5.86645
-0.931008 -0.362215 -0.0451205 24.9814 9.01184 -5.87412
-0.931008 -0.362215 -0.0451205 24.8231 8.95027 -5.88179
-0.931118 -0.362215 -0.0427929 24.6648 8.88869 -5.88907
-0.93202 -0.359884 -0.0428343 24.5064 8.82751 -5.89635
-0.932124 -0.359884 -0.0405041 24.3479 8.76633 -5.90323
-0.93302 -0.35755 -0.0405431 24.1893 8.70555 -5.91013
-0.934009 -0.355215 -0.0382468 24.0305 8.64516 -5.91663
-0.934102 -0.355215 -0.0359117 23.8717 8.58477 -5.92273
-0.935865 -0.350536 -0.0359795 23.7126 8.52518 -5.92885
-0.936906 -0.348194 -0.0313289 23.5534 8.46599 -5.93418
-0.940484 -0.338802 -0.0267417 23.3935 8.40839 -5.93872
-0.942998 -0.331736 -0.0268131 23.2332 8.352 -5.94328
-0.944708 -0.327015 -0.0244982 23.0726 8.2964 -5.94744
-0.947192 -0.319918 -0.0221932 22.9116 8.24202 -5.95122
-0.951883 -0.305671 -0.0223031 22.7497 8.19005 -5.95501
-0.954148 -0.298522 -0.0223562 22.5875 8.13931 -5.95881
-0.957137 -0.288963 -0.0200322 22.4248 8.09018 -5.96221
-0.95857 -0.284172 -0.0200622 22.2619 8.04187 -5.96562
-0.965372 -0.260117 -0.0202046 22.0977 7.99765 -5.96906
-0.967296 -0.252867 -0.0202448 21.9333 7.95467 -5.9725
-0.969823 -0.24318 -0.0178722 21.7684 7.91332 -5.97554
-0.971619 -0.235898 -0.0179053 21.6033 7.87322 -5.97858
-0.973929 -0.226169 -0.0179479 21.4377 7.83477 -5.98164
-0.976142 -0.216417 -0.0179887 21.2717 7.79798 -5.98469
-0.980763 -0.194397 -0.0180738 21.105 7.76494 -5.98777
-0.980763 -0.194397 -0.0180738 20.9383 7.73189 -5.99084
-0.983568 -0.179662 -0.0181255 20.7711 7.70134 -5.99392
-0.984014 -0.177202 -0.0181338 20.6038 7.67122 -5.997
-0.985315 -0.169815 -0.0181577 20.4363 7.64235 -6.00009
-0.986152 -0.164886 -0.0181731 20.2687 7.61432 -6.00318
-0.987702 -0.155015 -0.0206719 20.1007 7.58797 -6.00669
-0.988032 -0.152544 -0.0231501 19.9328 7.56204 -6.01063
-0.988349 -0.150073 -0.0256299 19.7648 7.53652 -6.01499
-0.988721 -0.147601 -0.0256396 19.5967 7.51143 -6.01934
-0.989379 -0.142654 -0.0281319 19.4285 7.48718 -6.02413
-0.990006 -0.137703 -0.030627 19.2602 7.46377 -6.02933
-0.990182 -0.135227 -0.0355888 19.0919 7.44078 -6.03538
-0.990222 -0.132749 -0.0430287 18.9235 7.41822 -6.0427
-0.990257 -0.127792 -0.0554392 18.7552 7.39649 -6.05212
-0.990415 -0.12035 -0.0678764 18.5868 7.37603 -6.06366
-0.989508 -0.112901 -0.090221 18.4186 7.35684 -6.079
-0.989322 -0.110416 -0.0951942 18.2504 7.33807 -6.09518
-0.9883 -0.102959 -0.112582 18.0824 7.32057 -6.11432
-0.987428 -0.102959 -0.119991 17.9145 7.30306 -6.13472
-0.986677 -0.0979844 -0.129925 17.7468 7.2864 -6.15681
-0.985568 -0.0954961 -0.139819 17.5792 7.27017 -6.18058
-0.984856 -0.0954961 -0.144745 17.4118 7.25394 -6.20518
-0.984724 -0.0930072 -0.147242 17.2444 7.23812 -6.23021
-0.984724 -0.0930072 -0.147242 17.077 7.22231 -6.25524
-0.984353 -0.0930072 -0.149703 16.9097 7.2065 -6.28069
-0.984353 -0.0930072 -0.149703 16.7423 7.19069 -6.30614
-0.984353 -0.0930072 -0.149703 16.575 7.17488 -6.33159
-0.984353 -0.0930072 -0.149703 16.4077 7.15907 -6.35704
-0.984353 -0.0930072 -0.149703 16.2403 7.14326 -6.38249
-0.984353 -0.0930072 -0.149703 16.073 7.12744 -6.40794
-0.984353 -0.0930072 -0.149703 15.9056 7.11163 -6.43339
-0.984353 -0.0930072 -0.149703 15.7383 7.09582 -6.45884
-0.984353 -0.0930072 -0.149703 15.571 7.08001 -6.48429
-0.983976 -0.0930072 -0.152164 15.4037 7.0642 -6.51016
-0.983592 -0.0930072 -0.154623 15.2365 7.04839 -6.53645
-0.983592 -0.0930072 -0.154623 15.0693 7.03258 -6.56273
-0.982405 -0.0930072 -0.161996 14.9023 7.01676 -6.59027
-0.982405 -0.0930072 -0.161996 14.7352 7.00095 -6.61781
-0.981997 -0.0930072 -0.164451 14.5683 6.98514 -6.64577
-0.981997 -0.0930072 -0.164451 14.4014 6.96933 -6.67372
-0.981583 -0.0930072 -0.166906 14.2345 6.95352 -6.7021
-0.981583 -0.0930072 -0.166906 14.0676 6.93771 -6.73047
-0.981162 -0.0930072 -0.169359 13.9008 6.9219 -6.75926
-0.981162 -0.0930072 -0.169359 13.734 6.90608 -6.78805
-0.981162 -0.0930072 -0.169359 13.5672 6.89027 -6.81684
-0.981162 -0.0930072 -0.169359 13.4004 6.87446 -6.84564
-0.981162 -0.0930072 -0.169359 13.2336 6.85865 -6.87443
-0.981162 -0.0930072 -0.169359 13.0668 6.84284 -6.90322
-0.981162 -0.0930072 -0.169359 12.9 6.82703 -6.93201
-0.980736 -0.0930072 -0.171811 12.7333 6.81122 -6.96122
-0.980736 -0.0930072 -0.171811 12.5666 6.7954 -6.99042
-0.980736 -0.0930072 -0.171811 12.3999 6.77959 -7.01963
-0.980736 -0.0930072 -0.171811 12.2331 6.76378 -7.04884
-0.980304 -0.0930072 -0.174263 12.0665 6.74797 -7.07846
-0.980304 -0.0930073 -0.174263 11.8998 6.73216 -7.10809
-0.979633 -0.0954961 -0.176671 11.7333 6.71592 -7.13812
-0.979395 -0.0979844 -0.176628 11.5668 6.69927 -7.16815
-0.979151 -0.100472 -0.176584 11.4003 6.68219 -7.19817
-0.9782 -0.105446 -0.178939 11.2341 6.66426 -7.22859
-0.977395 -0.112901 -0.178791 11.0679 6.64507 -7.25898
-0.975786 -0.122831 -0.181019 10.902 6.62419 -7.28976
-0.974714 -0.127792 -0.183343 10.7363 6.60246 -7.32092
-0.974714 -0.127792 -0.183343 10.5706 6.58074 -7.35209
-0.974074 -0.132749 -0.183222 10.405 6.55817 -7.38324
-0.973613 -0.132749 -0.185657 10.2395 6.5356 -7.4148
-0.973284 -0.135227 -0.185594 10.074 6.51261 -7.44635
-0.973284 -0.135227 -0.185594 9.90859 6.48963 -7.4779
-0.973284 -0.135227 -0.185594 9.74313 6.46664 -7.50946
-0.973284 -0.135227 -0.185594 9.57767 6.44365 -7.54101
-0.972817 -0.135227 -0.188027 9.41229 6.42066 -7.57297
-0.972817 -0.135227 -0.188027 9.24691 6.39767 -7.60493
-0.972344 -0.135227 -0.190458 9.08161 6.37468 -7.63731
-0.972344 -0.135227 -0.190458 8.91631 6.3517 -7.66969
-0.971865 -0.135227 -0.192888 8.7511 6.32871 -7.70248
-0.97138 -0.135227 -0.195317 8.58596 6.30572 -7.73569
-0.97138 -0.135227 -0.195317 8.42083 6.28273 -7.76889
-0.97138 -0.135227 -0.195317 8.25569 6.25974 -7.80209
-0.970888 -0.135227 -0.197745 8.09064 6.23675 -7.83571
-0.970888 -0.135227 -0.197745 7.92559 6.21377 -7.86933
-0.970888 -0.135227 -0.197745 7.76054 6.19078 -7.90294
-0.970888 -0.135227 -0.197745 7.59549 6.16779 -7.93656
-0.970888 -0.135227 -0.197745 7.43044 6.1448 -7.97018
-0.970888 -0.135227 -0.197745 7.26539 6.12181 -8.00379
-0.970888 -0.135227 -0.197745 7.10034 6.09882 -8.03741
-0.970888 -0.135227 -0.197745 6.93529 6.07584 -8.07103
-0.970888 -0.135227 -0.197745 6.77023 6.05285 -8.10464
-0.970888 -0.135227 -0.197745 6.60518 6.02986 -8.13826
-0.970888 -0.135227 -0.197745 6.44013 6.00687 -8.17188
-0.970888 -0.135227 -0.197745 6.27508 5.98388 -8.20549
-0.970888 -0.135227 -0.197745 6.11003 5.96089 -8.23911
-0.970888 -0.135227 -0.197745 5.94498 5.93791 -8.27273
-0.970888 -0.135227 -0.197745 5.77993 5.91492 -8.30635
-0.970888 -0.135227 -0.197745 5.61488 5.89193 -8.33996
-0.970719 -0.132749 -0.200239 5.44985 5.86936 -8.374
-0.970719 -0.132749 -0.200239 5.28483 5.84679 -8.40804
-0.971041 -0.130271 -0.200306 5.11976 5.82465 -8.4421
-0.970537 -0.130271 -0.202733 4.95476 5.8025 -8.47656
-0.971163 -0.125312 -0.202864 4.78967 5.7812 -8.51105
-0.970652 -0.125312 -0.205291 4.62466 5.7599 -8.54595
-0.970737 -0.12035 -0.207845 4.45963 5.73944 -8.58128
-0.971028 -0.117867 -0.207908 4.29456 5.7194 -8.61662
-0.970505 -0.117867 -0.210335 4.12957 5.69936 -8.65238
-0.970505 -0.117867 -0.210335 3.96458 5.67932 -8.68814
-0.97079 -0.115384 -0.210396 3.79955 5.65971 -8.72391
-0.97079 -0.115384 -0.210396 3.63452 5.64009 -8.75967
-0.97079 -0.115384 -0.210396 3.46948 5.62048 -8.79544
-0.97079 -0.115384 -0.210396 3.30445 5.60086 -8.83121
-0.97079 -0.115384 -0.210396 3.13941 5.58125 -8.86698
-0.97079 -0.115384 -0.210396 2.97438 5.56163 -8.90274
-0.97079 -0.115384 -0.210396 2.80934 5.54202 -8.93851
-0.97079 -0.115384 -0.210396 2.64431 5.5224 -8.97428
-0.97079 -0.115384 -0.210396 2.47928 5.50279 -9.01005
-0.97079 -0.115384 -0.210396 2.31424 5.48317 -9.04581
-0.97079 -0.115384 -0.210396 2.14921 5.46356 -9.08158
-0.971069 -0.112901 -0.210457 1.98413 5.44436 -9.11736
-0.971342 -0.110416 -0.210516 1.819 5.42559 -9.15315
-0.971869 -0.105446 -0.21063 1.65378 5.40767 -9.18896
-0.972372 -0.100472 -0.210739 1.48848 5.39059 -9.22478
-0.972372 -0.100472 -0.210739 1.32317 5.37351 -9.26061
-0.973139 -0.0979845 -0.20836 1.15774 5.35685 -9.29603
-0.973139 -0.0979845 -0.20836 0.992305 5.34019 -9.33145
-0.973893 -0.0954962 -0.205976 0.826743 5.32396 -9.36647
-0.975367 -0.0905178 -0.201198 0.660931 5.30857 -9.40067
-0.975867 -0.0905178 -0.198759 0.495034 5.29318 -9.43446
-0.977067 -0.0880278 -0.193921 0.328932 5.27822 -9.46742
-0.978237 -0.0855372 -0.189074 0.162632 5.26368 -9.49957
-0.980287 -0.0830461 -0.17932 -0.00401674 5.24956 -9.53005
-0.981372 -0.0805544 -0.174453 -0.17085 5.23586 -9.55971
-0.985245 -0.0780623 -0.15236 -0.338342 5.22259 -9.58561
-0.992004 -0.0730766 -0.102967 -0.506982 5.21017 -9.60311
-0.992004 -0.0730766 -0.102967 -0.675623 5.19775 -9.62062
-0.996851 -0.068089 -0.0408201 -0.845088 5.18617 -9.62756
-0.997915 -0.0630997 0.0140454 -1.01473 5.17544 -9.62517
-0.997045 -0.0630997 0.043972 -1.18423 5.16472 -9.6177
-0.99312 -0.0630997 0.0987154 -1.35306 5.15399 -9.60091
-0.989058 -0.0630997 0.133407 -1.5212 5.14326 -9.57823
-0.981897 -0.0655946 0.177736 -1.68812 5.13211 -9.54802
-0.981897 -0.0655946 0.177736 -1.85505 5.12096 -9.5178
-0.966557 -0.0730766 0.245849 -2.01936 5.10854 -9.47601
-0.95993 -0.0755697 0.269883 -2.18255 5.09569 -9.43013
-0.953432 -0.0780623 0.291356 -2.34463 5.08242 -9.3806
-0.943461 -0.0780623 0.322183 -2.50502 5.06915 -9.32583
-0.943461 -0.0780623 0.322183 -2.66541 5.05588 -9.27106
-0.93645 -0.0830461 0.340849 -2.82461 5.04176 -9.21311
-0.934735 -0.0830461 0.345526 -2.98351 5.02764 -9.15437
-0.931036 -0.0855372 0.354781 -3.14179 5.0131 -9.09406
-0.928349 -0.0855372 0.361754 -3.29961 4.99856 -9.03256
-0.925408 -0.0880278 0.368626 -3.45693 4.9836 -8.96989
-0.91429 -0.0954962 0.39366 -3.61235 4.96736 -8.90297
-0.91429 -0.0954962 0.39366 -3.76778 4.95113 -8.83605
-0.898446 -0.100472 0.427451 -3.92052 4.93405 -8.76338
-0.888142 -0.105446 0.447324 -4.0715 4.91612 -8.68734
-0.882244 -0.107931 0.458268 -4.22149 4.89777 -8.60943
-0.868578 -0.115385 0.481947 -4.36914 4.87816 -8.5275
-0.85449 -0.12035 0.505348 -4.51441 4.8577 -8.44159
-0.838691 -0.122831 0.530589 -4.65698 4.83682 -8.35139
-0.810348 -0.130271 0.571296 -4.79474 4.81467 -8.25427
-0.799962 -0.132749 0.585195 -4.93074 4.79211 -8.15479
-0.770747 -0.137703 0.622094 -5.06176 4.7687 -8.04903
-0.75174 -0.137703 0.644933 -5.18956 4.74529 -7.93939
-0.748506 -0.137703 0.648683 -5.31681 4.72188 -7.82912
-0.745254 -0.137703 0.652418 -5.4435 4.69847 -7.71821
-0.74362 -0.137703 0.654279 -5.56991 4.67506 -7.60698
-0.74362 -0.137703 0.654279 -5.69633 4.65165 -7.49575
-0.741982 -0.137703 0.656136 -5.82247 4.62824 -7.38421
-0.741982 -0.137703 0.656136 -5.9486 4.60483 -7.27267
-0.738692 -0.137703 0.659838 -6.07418 4.58142 -7.16049
-0.73704 -0.137703 0.661682 -6.19948 4.55801 -7.04801
-0.735384 -0.137703 0.663523 -6.32449 4.5346 -6.93521
-0.732309 -0.135227 0.667421 -6.44899 4.51161 -6.82175
-0.727283 -0.135227 0.672895 -6.57262 4.48863 -6.70735
-0.723909 -0.135227 0.676523 -6.69569 4.46564 -6.59235
-0.717108 -0.135227 0.683728 -6.8176 4.44265 -6.47611
-0.71368 -0.135227 0.687305 -6.93892 4.41966 -6.35927
-0.706772 -0.135227 0.694407 -7.05907 4.39667 -6.24122
-0.701544 -0.135227 0.699688 -7.17834 4.37368 -6.12227
-0.687411 -0.135227 0.713579 -7.2952 4.3507 -6.00097
-0.687411 -0.135227 0.713579 -7.41206 4.32771 -5.87966
-0.68204 -0.135227 0.718714 -7.528 4.30472 -5.75748
-0.68204 -0.135227 0.718714 -7.64395 4.28173 -5.63529
-0.68204 -0.135227 0.718714 -7.7599 4.25874 -5.51311
-0.68204 -0.135227 0.718714 -7.87584 4.23575 -5.39093
-0.68204 -0.135227 0.718714 -7.99179 4.21277 -5.26875
-0.682496 -0.130271 0.719195 -8.10781 4.19062 -5.14649
-0.684292 -0.130271 0.717487 -8.22414 4.16847 -5.02451
-0.688314 -0.125312 0.714517 -8.34116 4.14717 -4.90305
-0.707413 -0.107931 0.698521 -8.46142 4.12882 -4.7843
-0.707413 -0.107931 0.698521 -8.58168 4.11047 -4.66555
-0.7327 -0.0905178 0.674515 -8.70624 4.09509 -4.55088
-0.7327 -0.0905178 0.674515 -8.8308 4.0797 -4.43621
-0.761927 -0.070583 0.643816 -8.96032 4.0677 -4.32677
-0.761927 -0.070583 0.643816 -9.08985 4.0557 -4.21732
-0.783188 -0.0556129 0.619304 -9.22299 4.04625 -4.11203
-0.797233 -0.048123 0.601762 -9.35852 4.03806 -4.00974
-0.804877 -0.0431282 0.591885 -9.49535 4.03073 -3.90911
-0.813905 -0.035634 0.579917 -9.63372 4.02467 -3.81053
-0.82116 -0.0331354 0.569747 -9.77331 4.01904 -3.71367
-0.835427 -0.0206399 0.549227 -9.91534 4.01553 -3.6203
-0.842268 -0.0181404 0.538767 -10.0585 4.01245 -3.52871
-0.847679 -0.013141 0.530359 -10.2026 4.01022 -3.43855
-0.856876 -0.00814123 0.515472 -10.3483 4.00883 -3.35092
-0.859457 -0.00564127 0.51119 -10.4944 4.00787 -3.26402
-0.862012 -0.00314128 0.506892 -10.6409 4.00734 -3.17785
-0.865794 -0.000641268 0.500415 -10.7881 4.00723 -3.09278
-0.865794 -0.000641268 0.500415 -10.9353 4.00712 -3.00771
-0.869521 0.00185875 0.493906 -11.0831 4.00744 -2.92374
-0.873194 0.00435875 0.487367 -11.2316 4.00818 -2.84089
-0.876812 0.00685873 0.480798 -11.3806 4.00934 -2.75915
-0.881559 0.00935866 0.471997 -11.5305 4.01093 -2.67891
-0.887366 0.0118585 0.460928 -11.6814 4.01295 -2.60056
-0.892994 0.0168581 0.449768 -11.8332 4.01582 -2.5241
-0.897406 0.0193577 0.440796 -11.9857 4.01911 -2.44916
-0.903818 0.0243565 0.427239 -12.1394 4.02325 -2.37653
-0.903818 0.0243565 0.427239 -12.293 4.02739 -2.3039
-0.910067 0.0268557 0.413608 -12.4477 4.03195 -2.23359
-0.912124 0.0268557 0.409052 -12.6028 4.03652 -2.16405
-0.912059 0.0293547 0.409024 -12.7578 4.04151 -2.09451
-0.912059 0.0293547 0.409024 -12.9129 4.0465 -2.02498
-0.912059 0.0293547 0.409024 -13.0679 4.05149 -1.95545
-0.912059 0.0293547 0.409024 -13.223 4.05648 -1.88591
-0.912059 0.0293547 0.409024 -13.378 4.06147 -1.81638
-0.912059 0.0293547 0.409024 -13.5331 4.06646 -1.74684
-0.912059 0.0293547 0.409024 -13.6881 4.07145 -1.67731
-0.912059 0.0293547 0.409024 -13.8432 4.07644 -1.60778
-0.911034 0.0293547 0.411302 -13.9981 4.08143 -1.53785
-0.910003 0.0293547 0.413579 -14.1528 4.08642 -1.46755
-0.907988 0.0268557 0.418153 -14.3071 4.09098 -1.39646
-0.905944 0.0243565 0.422715 -14.4611 4.09512 -1.3246
-0.903871 0.0218571 0.427264 -14.6148 4.09884 -1.25196
-0.8996 0.0193577 0.436304 -14.7677 4.10213 -1.17779
-0.891902 0.0143583 0.452017 -14.9194 4.10457 -1.10095
-0.883885 0.0118585 0.467571 -15.0696 4.10659 -1.02146
-0.873141 0.0118585 0.487338 -15.218 4.1086 -0.938615
-0.868247 0.00935866 0.496058 -15.3656 4.1102 -0.854285
-0.859451 0.00685873 0.511186 -15.5118 4.11136 -0.767383
-0.853007 0.00435875 0.521896 -15.6568 4.1121 -0.678661
-0.853007 0.00435875 0.521896 -15.8018 4.11284 -0.589939
-0.843743 0.00435875 0.536743 -15.9452 4.11358 -0.498692
-0.843743 0.00435875 0.536743 -16.0886 4.11433 -0.407446
-0.830066 -0.00314129 0.557669 -16.2298 4.11379 -0.312642
-0.821585 -0.00814124 0.570041 -16.3694 4.11241 -0.215735
-0.81144 -0.013141 0.5843 -16.5074 4.11017 -0.116404
-0.798061 -0.0156408 0.602386 -16.643 4.10751 -0.0139986
-0.787326 -0.02064 0.616203 -16.7769 4.10401 0.0907559
-0.76353 -0.0281378 0.64517 -16.9067 4.09922 0.200435
-0.76353 -0.0281378 0.64517 -17.0365 4.09444 0.310114
-0.737066 -0.0306367 0.675137 -17.1618 4.08923 0.424887
-0.733681 -0.0306367 0.678814 -17.2865 4.08402 0.540285
-0.730277 -0.0306367 0.682474 -17.4107 4.07881 0.656306
-0.726856 -0.0306367 0.686117 -17.5342 4.07361 0.772946
-0.723416 -0.0306367 0.689742 -17.6572 4.0684 0.890202
-0.719959 -0.0306367 0.693351 -17.7796 4.06319 1.00807
-0.716483 -0.0306367 0.696942 -17.9014 4.05798 1.12655
-0.709421 -0.0331354 0.704016 -18.022 4.05235 1.24623
-0.702346 -0.0331354 0.711074 -18.1414 4.04672 1.36712
-0.693343 -0.035634 0.719736 -18.2593 4.04066 1.48947
-0.684229 -0.0381323 0.728279 -18.3756 4.03418 1.61328
-0.675006 -0.0406304 0.736702 -18.4903 4.02727 1.73852
-0.650643 -0.0431282 0.758168 -18.601 4.01994 1.86741
-0.63528 -0.0456257 0.770943 -18.709 4.01218 1.99847
-0.623572 -0.048123 0.780293 -18.815 4.004 2.13112
-0.603718 -0.0531166 0.795435 -18.9176 3.99497 2.26634
-0.595653 -0.055613 0.801324 -19.0189 3.98552 2.40257
-0.573227 -0.0606045 0.817161 -19.1163 3.97521 2.54148
-0.550367 -0.0655946 0.832351 -19.2099 3.96406 2.68298
-0.550367 -0.0655946 0.832351 -19.3034 3.95291 2.82448
-0.527093 -0.070583 0.84688 -19.393 3.94091 2.96845
-0.509959 -0.0730766 0.857098 -19.4797 3.92849 3.11416
-0.509959 -0.0730766 0.857098 -19.5664 3.91607 3.25987
-0.448316 -0.0855372 0.889781 -19.6426 3.90152 3.41113
-0.448316 -0.0855372 0.889781 -19.7188 3.88698 3.56239
-0.351916 -0.105446 0.930081 -19.7787 3.86906 3.72051
-0.306925 -0.117867 0.944415 -19.8309 3.84902 3.88106
-0.280671 -0.122831 0.95192 -19.8786 3.82814 4.04288
-0.222722 -0.135227 0.965465 -19.9164 3.80515 4.20701
-0.161696 -0.147601 0.975747 -19.9439 3.78006 4.37289
-0.0707675 -0.157484 0.98499 -19.9559 3.75329 4.54034
-0.0707675 -0.157484 0.98499 -19.968 3.72651 4.70779
0.0598059 -0.174741 0.982804 -19.9578 3.69681 4.87486
0.11847 -0.182121 0.976121 -19.9377 3.66585 5.0408
0.186188 -0.18949 0.964076 -19.906 3.63363 5.2047
0.217204 -0.194397 0.956581 -19.8691 3.60059 5.36731
0.245677 -0.196849 0.949162 -19.8273 3.56712 5.52867
0.299666 -0.199299 0.933003 -19.7764 3.53324 5.68728
0.325041 -0.201748 0.923937 -19.7764 3.53324 5.68728
0.345746 -0.201748 0.916391 -19.7764 3.53324 5.68728
0.379859 -0.201748 0.902784 -19.7764 3.53324 5.68728
0.397838 -0.201748 0.895007 -19.7764 3.53324 5.68728
0.437921 -0.199299 0.876653 -19.7764 3.53324 5.68728
0.451021 -0.199299 0.869985 -19.7764 3.53324 5.68728
0.479294 -0.196849 0.855302 -19.7764 3.53324 5.68728
0.500525 -0.196849 0.843054 -19.7764 3.53324 5.68728
0.525587 -0.196849 0.827661 -19.7764 3.53324 5.68728
0.572283 -0.196849 0.796089 -19.7764 3.53324 5.68728
0.593956 -0.196849 0.780052 -19.7764 3.53324 5.68728
0.637803 -0.196849 0.744629 -19.7764 3.53324 5.68728
0.668864 -0.196849 0.716858 -19.7764 3.53324 5.68728
0.705204 -0.199299 0.680427 -19.7764 3.53324 5.68728
0.705204 -0.199299 0.680427 -19.7764 3.53324 5.68728
0.758877 -0.199299 0.62 -19.7764 3.53324 5.68728
0.780108 -0.199299 0.593065 -19.7764 3.53324 5.68728
0.797546 -0.199299 0.569398 -19.7764 3.53324 5.68728
0.816983 -0.199299 0.541141 -19.7764 3.53324 5.68728
0.845922 -0.196849 0.495662 -19.7764 3.53324 5.68728
0.856093 -0.194397 0.478884 -19.7764 3.53324 5.68728
0.863179 -0.194397 0.465989 -19.7764 3.53324 5.68728
0.874989 -0.191944 0.444485 -19.7764 3.53324 5.68728
0.883062 -0.18949 0.429314 -19.7764 3.53324 5.68728
0.896546 -0.18949 0.400393 -19.7764 3.53324 5.68728
0.90148 -0.18949 0.389155 -19.7764 3.53324 5.68728
0.905327 -0.18949 0.380121 -19.7764 3.53324 5.68728
0.913185 -0.187035 0.362113 -19.7764 3.53324 5.68728
0.91764 -0.187035 0.35067 -19.7764 3.53324 5.68728
0.92447 -0.187035 0.332248 -19.7764 3.53324 5.68728
0.92447 -0.187035 0.332248 -19.7764 3.53324 5.68728
0.93402 -0.187035 0.304369 -19.7764 3.53324 5.68728
0.937751 -0.187035 0.29267 -19.7764 3.53324 5.68728
0.945444 -0.187035 0.266775 -19.7764 3.53324 5.68728
0.952422 -0.187035 0.240677 -19.7764 3.53324 5.68728
0.95868 -0.187035 0.214398 -19.7764 3.53324 5.68728
0.972954 -0.18949 0.132171 -19.7764 3.53324 5.68728
0.972954 -0.18949 0.132171 -19.7764 3.53324 5.68728
0.979446 -0.194397 0.0539423 -19.7764 3.53324 5.68728
0.980489 -0.194397 0.0294419 -19.7764 3.53324 5.68728
0.980903 -0.194397 0.00737529 -19.7764 3.53324 5.68728
0.980821 -0.194397 -0.014695 -19.9431 3.56629 5.68978
0.980821 -0.194397 -0.014695 -20.1099 3.59934 5.69228
0.980625 -0.194397 -0.0245023 -20.2766 3.63238 5.69644
0.980625 -0.194397 -0.0245023 -20.4433 3.66543 5.70061
0.980625 -0.194397 -0.0245023 -20.61 3.69848 5.70477
0.980625 -0.194397 -0.0245023 -20.7767 3.73153 5.70894
0.980625 -0.194397 -0.0245023 -20.9434 3.76457 5.7131
0.980625 -0.194397 -0.0245023 -21.1101 3.79762 5.71727
0.980625 -0.194397 -0.0245023 -21.2768 3.83067 5.72143
0.980625 -0.194397 -0.0245023 -21.4435 3.86372 5.7256
0.980625 -0.194397 -0.0245023 -21.6102 3.89676 5.72976
0.980625 -0.194397 -0.0245023 -21.7769 3.92981 5.73393
0.980625 -0.194397 -0.0245023 -21.9436 3.96286 5.73809
0.980625 -0.194397 -0.0245023 -22.1103 3.99591 5.74226
0.980625 -0.194397 -0.0245023 -22.277 4.02895 5.74643
0.980625 -0.194397 -0.0245023 -22.4438 4.062 5.75059
0.980625 -0.194397 -0.0245023 -22.6105 4.09505 5.75476
0.980625 -0.194397 -0.0245023 -22.7772 4.1281 5.75892
0.980625 -0.194397 -0.0245023 -22.9439 4.16114 5.76309
0.980625 -0.194397 -0.0245023 -23.1106 4.19419 5.76725
0.980413 -0.194397 -0.0318563 -23.2772 4.22724 5.77267
0.980413 -0.194397 -0.0318563 -23.4439 4.26029 5.77808
0.976146 -0.209089 -0.0586208 -23.6099 4.29583 5.78805
0.974456 -0.213975 -0.0683052 -23.7755 4.33221 5.79966
0.971485 -0.221296 -0.0852042 -23.9407 4.36983 5.81414
0.969231 -0.226169 -0.0972292 -24.1054 4.40828 5.83067
0.964505 -0.235899 -0.118728 -24.2694 4.44838 5.85086
0.958496 -0.245604 -0.144844 -24.4323 4.49013 5.87548
0.958496 -0.245604 -0.144844 -24.5953 4.53188 5.9001
0.954591 -0.250448 -0.161388 -24.7576 4.57446 5.92754
0.953773 -0.250448 -0.166159 -24.9197 4.61704 5.95579
0.953354 -0.250448 -0.168543 -25.0818 4.65961 5.98444
0.9525 -0.250448 -0.173307 -25.2437 4.70219 6.0139
0.9525 -0.250448 -0.173307 -25.4056 4.74477 6.04336
0.9525 -0.250448 -0.173307 -25.5676 4.78734 6.07283
0.9525 -0.250448 -0.173307 -25.7295 4.82992 6.10229
0.9525 -0.250448 -0.173307 -25.8914 4.8725 6.13175
0.9525 -0.250448 -0.173307 -26.0533 4.91507 6.16121
0.952063 -0.250448 -0.175688 -26.2152 4.95765 6.19108
0.951621 -0.250448 -0.178068 -26.377 5.00022 6.22135
0.951621 -0.250448 -0.178068 -26.5387 5.0428 6.25162
0.951621 -0.250448 -0.178068 -26.7005 5.08538 6.28189
0.951173 -0.250448 -0.180446 -26.8622 5.12795 6.31257
0.951173 -0.250448 -0.180446 -27.0239 5.17053 6.34325
0.951173 -0.250448 -0.180446 -27.1856 5.21311 6.37392
0.949793 -0.250448 -0.187575 -27.3471 5.25568 6.40581
0.947743 -0.252868 -0.194566 -27.5082 5.29867 6.43889
0.943472 -0.257702 -0.208485 -27.6686 5.34248 6.47433
0.938414 -0.26253 -0.22466 -27.8281 5.38711 6.51252
0.933597 -0.26976 -0.235883 -27.9868 5.43297 6.55262
0.930485 -0.274571 -0.242535 -28.145 5.47965 6.59385
0.926625 -0.281775 -0.248966 -28.3025 5.52755 6.63618
0.922605 -0.291356 -0.252838 -28.4594 5.57708 6.67916
0.922605 -0.291356 -0.252838 -28.6162 5.62661 6.72214
0.922605 -0.291356 -0.252838 -28.7731 5.67614 6.76512
0.922605 -0.291356 -0.252838 -28.9299 5.72567 6.80811
0.922605 -0.291356 -0.252838 -29.0867 5.7752 6.85109
0.922605 -0.291356 -0.252838 -29.2436 5.82473 6.89407
0.922605 -0.291356 -0.252838 -29.4004 5.87426 6.93705
0.922605 -0.291356 -0.252838 -29.5573 5.92379 6.98004
0.922605 -0.291356 -0.252838 -29.7141 5.97332 7.02302
0.922605 -0.291356 -0.252838 -29.871 6.02285 7.066
0.922605 -0.291356 -0.252838 -30.0278 6.07238 7.10898
0.922605 -0.291356 -0.252838 -30.1846 6.12191 7.15197
0.922605 -0.291356 -0.252838 -30.3415 6.17144 7.19495
0.922605 -0.291356 -0.252838 -30.4983 6.22097 7.23793
0.922605 -0.291356 -0.252838 -30.6552 6.2705 7.28091
0.922605 -0.291356 -0.252838 -30.6552 6.2705 7.28091
0.922605 -0.291356 -0.252838 -30.6552 6.2705 7.28091
0.922605 -0.291356 -0.252838 -30.6552 6.2705 7.28091
0.922605 -0.291356 -0.252838 -30.6552 6.2705 7.28091
0.922605 -0.291356 -0.252838 -30.6552 6.2705 7.28091
0.922605 -0.291356 -0.252838 -30.6552 6.2705 7.28091
0.922605 -0.291356 -0.252838 -30.6552 6.2705 7.28091
0.922605 -0.291356 -0.252838 -30.6552 6.2705 7.28091
0.922605 -0.291356 -0.252838 -30.6552 6.2705 7.28091
0.922605 -0.291356 -0.252838 -30.6552 6.2705 7.28091
0.922605 -0.291356 -0.252838 -30.6552 6.2705 7.28091
0.949682 -0.191944 -0.247539 -30.6552 6.2705 7.28091
0.951049 -0.184578 -0.247895 -30.6552 6.2705 7.28091
0.951049 -0.184578 -0.247895 -30.6552 6.2705 7.28091
0.951049 -0.184578 -0.247895 -30.6552 6.2705 7.28091
0.956262 -0.182121 -0.228933 -30.6552 6.2705 7.28091
0.958503 -0.182121 -0.219359 -30.6552 6.2705 7.28091
0.95949 -0.179662 -0.217062 -30.6552 6.2705 7.28091
0.95949 -0.179662 -0.217062 -30.6552 6.2705 7.28091
0.95949 -0.179662 -0.217062 -30.6552 6.2705 7.28091
0.95949 -0.179662 -0.217062 -30.6552 6.2705 7.28091
0.95949 -0.179662 -0.217062 -30.6552 6.2705 7.28091
0.95949 -0.179662 -0.217062 -30.6552 6.2705 7.28091
0.95949 -0.179662 -0.217062 -30.6552 6.2705 7.28091
0.95949 -0.179662 -0.217062 -30.6552 6.2705 7.28091
0.95949 -0.179662 -0.217062 -30.6552 6.2705 7.28091
0.95949 -0.179662 -0.217062 -30.6552 6.2705 7.28091
0.95949 -0.179662 -0.217062 -30.6552 6.2705 7.28091
0.95949 -0.179662 -0.217062 -30.6552 6.2705 7.28091
0.95949 -0.179662 -0.217062 -30.6552 6.2705 7.28091
0.960029 -0.179662 -0.214662 -30.6552 6.2705 7.28091
0.961612 -0.179662 -0.207456 -30.6552 6.2705 7.28091
0.963141 -0.179662 -0.200238 -30.6552 6.2705 7.28091
0.965569 -0.179662 -0.188184 -30.6552 6.2705 7.28091
0.970411 -0.177202 -0.164063 -30.6552 6.2705 7.28091
0.972763 -0.177202 -0.149488 -30.6552 6.2705 7.28091
0.976942 -0.174741 -0.122739 -30.6552 6.2705 7.28091
0.979456 -0.174741 -0.100729 -30.6552 6.2705 7.28091
0.980639 -0.174741 -0.088478 -30.6552 6.2705 7.28091
0.981668 -0.174741 -0.0762134 -30.6552 6.2705 7.28091
0.982381 -0.174741 -0.0663931 -30.6552 6.2705 7.28091
0.983134 -0.174741 -0.0541085 -30.6552 6.2705 7.28091
0.983266 -0.174741 -0.0516505 -30.6552 6.2705 7.28091
0.983266 -0.174741 -0.0516505 -30.6552 6.2705 7.28091
0.983266 -0.174741 -0.0516505 -30.6552 6.2705 7.28091
0.983266 -0.174741 -0.0516505 -30.6552 6.2705 7.28091
0.983266 -0.174741 -0.0516505 -30.488 6.2408 7.27213
0.983266 -0.174741 -0.0516505 -30.3209 6.21109 7.26335
0.983266 -0.174741 -0.0516505 -30.1537 6.18139 7.25457
0.983266 -0.174741 -0.0516505 -29.9866 6.15168 7.24579
0.983392 -0.174741 -0.0491922 -29.8194 6.12197 7.23743
0.983392 -0.174741 -0.0491922 -29.6522 6.09227 7.22907
0.983392 -0.174741 -0.0491922 -29.485 6.06256 7.2207
0.983392 -0.174741 -0.0491922 -29.3178 6.03286 7.21234
0.983392 -0.174741 -0.0491922 -29.1507 6.00315 7.20398
0.983392 -0.174741 -0.0491922 -28.9835 5.97344 7.19562
0.983512 -0.174741 -0.0467335 -28.8163 5.94374 7.18767
0.983187 -0.177202 -0.0442548 -28.6492 5.91361 7.18015
0.983396 -0.177202 -0.0393384 -28.482 5.88349 7.17346
0.98358 -0.177202 -0.0344209 -28.3148 5.85337 7.16761
0.983986 -0.177202 -0.0196639 -28.1475 5.82324 7.16427
0.984155 -0.177202 -0.00736286 -27.9802 5.79312 7.16301
0.984105 -0.177202 0.0123204 -27.8129 5.76299 7.16511
0.983809 -0.177202 0.02708 -27.6456 5.73287 7.16971
0.983293 -0.177202 0.0418336 -27.4785 5.70274 7.17682
0.982693 -0.177202 0.0541211 -27.3114 5.67262 7.18602
0.982259 -0.177202 0.0614897 -27.1444 5.6425 7.19648
0.98194 -0.177202 0.0664002 -26.9775 5.61237 7.20777
0.980833 -0.177202 0.0811213 -26.8108 5.58225 7.22156
0.979973 -0.177202 0.0909254 -26.6442 5.55212 7.23701
0.979015 -0.177202 0.10072 -26.4777 5.522 7.25414
0.977788 -0.179662 0.108011 -26.3115 5.49146 7.2725
0.976058 -0.179662 0.122665 -26.1456 5.46092 7.29335
0.976058 -0.179662 0.122665 -25.9797 5.43037 7.3142
0.974783 -0.179662 0.13242 -25.8139 5.39983 7.33671
0.973762 -0.179662 0.139727 -25.6484 5.36929 7.36047
0.973051 -0.179662 0.144594 -25.483 5.33875 7.38505
0.972316 -0.179662 0.149457 -25.3177 5.3082 7.41046
0.971168 -0.179662 0.156745 -25.1526 5.27766 7.4371
0.969965 -0.179662 0.164025 -24.9877 5.24712 7.46499
0.968277 -0.179662 0.173716 -24.8231 5.21658 7.49452
0.965088 -0.179662 0.190633 -24.659 5.18603 7.52693
0.962041 -0.177202 0.207586 -24.4955 5.15591 7.56222
0.957816 -0.169816 0.231876 -24.3326 5.12704 7.60164
0.951236 -0.164886 0.260723 -24.1709 5.09901 7.64596
0.946921 -0.16242 0.277444 -24.01 5.0714 7.69312
0.944865 -0.157484 0.287132 -23.8493 5.04463 7.74194
0.944865 -0.157484 0.287132 -23.6887 5.01785 7.79075
0.943046 -0.150073 0.296912 -23.5284 4.99234 7.84122
0.943046 -0.150073 0.296912 -23.3681 4.96683 7.8917
0.941495 -0.145128 0.304204 -23.208 4.94216 7.94341
0.94141 -0.140179 0.306777 -23.048 4.91833 7.99557
0.94097 -0.137703 0.309238 -22.888 4.89492 8.04814
0.941294 -0.135227 0.309345 -22.728 4.87193 8.10073
0.941612 -0.132749 0.309449 -22.5679 4.84936 8.15333
0.943002 -0.127792 0.307296 -22.4076 4.82764 8.20557
0.945124 -0.122831 0.302769 -22.2469 4.80676 8.25704
0.9472 -0.117868 0.29822 -22.0859 4.78672 8.30774
0.949497 -0.110417 0.293733 -21.9245 4.76795 8.35767
0.951719 -0.102959 0.289215 -21.7627 4.75044 8.40684
0.958423 -0.0830461 0.273026 -21.5998 4.73633 8.45326
0.961369 -0.0705831 0.266086 -21.4363 4.72433 8.49849
0.963971 -0.0606046 0.259039 -21.2725 4.71402 8.54253
0.965028 -0.0531167 0.256738 -21.1084 4.70499 8.58617
0.966025 -0.0456258 0.254418 -20.9442 4.69724 8.62942
0.966962 -0.0381323 0.252082 -20.7798 4.69076 8.67228
0.967839 -0.0306367 0.249728 -20.6153 4.68555 8.71473
0.967839 -0.0306367 0.249728 -20.4507 4.68034 8.75718
0.968596 -0.0256387 0.247343 -20.2861 4.67598 8.79923
0.968596 -0.0256387 0.247343 -20.1214 4.67162 8.84128
0.969324 -0.02064 0.244949 -19.9566 4.66811 8.88292
0.969933 -0.02064 0.242525 -19.7917 4.66461 8.92415
0.96998 -0.0181404 0.242536 -19.6268 4.66152 8.96538
0.971222 -0.0156408 0.237693 -19.4617 4.65886 9.00579
0.971222 -0.0156408 0.237693 -19.2966 4.6562 9.0462
0.972977 -0.0156408 0.230403 -19.1312 4.65354 9.08537
0.972977 -0.0156408 0.230403 -18.9658 4.65089 9.12454
0.977391 -0.0156408 0.210898 -18.7997 4.64823 9.16039
0.97995 -0.0156408 0.198665 -18.6331 4.64557 9.19416
0.984172 -0.0156408 0.176568 -18.4658 4.64291 9.22418
0.9901 -0.0156408 0.139546 -18.2974 4.64025 9.2479
0.992081 -0.0156408 0.124679 -18.1288 4.63759 9.2691
0.995375 -0.0156408 0.0948649 -17.9596 4.63493 9.28522
0.997073 -0.0156408 0.0749397 -17.7901 4.63227 9.29796
0.998232 -0.0156408 0.0574804 -17.6204 4.62962 9.30774
0.999085 -0.0156408 0.0400034 -17.4505 4.62696 9.31454
0.999085 -0.0156408 0.0400034 -17.2807 4.6243 9.32134
0.999572 -0.0156408 0.0250132 -17.1108 4.62164 9.32559
0.999773 -0.0156408 0.0150164 -16.9408 4.61898 9.32814
0.999835 -0.0156408 0.0100174 -16.7708 4.61632 9.32985
0.999873 -0.0156408 0.00501808 -16.6008 4.61366 9.3307
0.999882 -0.0156408 0.00251839 -16.4309 4.611 9.33113
0.999882 -0.0156408 -0.00248103 -16.2609 4.60834 9.33071
0.999857 -0.0156408 -0.00748039 -16.0909 4.60569 9.32943
0.999857 -0.0156408 -0.00748039 -15.9209 4.60303 9.32816
0.999768 -0.013141 -0.0174791 -15.751 4.60079 9.32519
0.999669 -0.013141 -0.0224777 -15.581 4.59856 9.32137
0.999544 -0.013141 -0.0274757 -15.4111 4.59632 9.3167
0.999309 -0.013141 -0.0349714 -15.2412 4.59409 9.31075
0.998545 -0.013141 -0.0524531 -15.0715 4.59186 9.30184
0.997811 -0.013141 -0.0649305 -14.9018 4.58962 9.2908
0.996885 -0.0156408 -0.0773949 -14.7324 4.58696 9.27764
0.996277 -0.0156408 -0.0848693 -14.563 4.58431 9.26321
0.995138 -0.0156408 -0.0973158 -14.3938 4.58165 9.24667
0.994639 -0.0156408 -0.10229 -14.2247 4.57899 9.22928
0.993844 -0.0156408 -0.109747 -14.0558 4.57633 9.21062
0.992993 -0.0156408 -0.117198 -13.887 4.57367 9.1907
0.991771 -0.0156408 -0.127122 -13.7184 4.57101 9.16909
0.991123 -0.0156408 -0.132079 -13.5499 4.56835 9.14664
0.990451 -0.0156408 -0.137033 -13.3815 4.56569 9.12334
0.990105 -0.0156408 -0.139509 -13.2132 4.56303 9.09963
0.990105 -0.0156408 -0.139509 -13.0449 4.56038 9.07591
0.990105 -0.0156408 -0.139509 -12.8766 4.55772 9.05219
0.990105 -0.0156408 -0.139509 -12.7082 4.55506 9.02847
0.990105 -0.0156408 -0.139509 -12.5399 4.5524 9.00476
0.990105 -0.0156408 -0.139509 -12.3716 4.54974 8.98104
0.990105 -0.0156408 -0.139509 -12.2033 4.54708 8.95732
0.990105 -0.0156408 -0.139509 -12.035 4.54442 8.93361
0.989395 -0.0156408 -0.144457 -11.8668 4.54176 8.90905
0.989395 -0.0156408 -0.144457 -11.6986 4.5391 8.88449
0.987859 -0.0181404 -0.154337 -11.5306 4.53602 8.85825
0.987075 -0.0181404 -0.159275 -11.3628 4.53294 8.83118
0.985007 -0.0181404 -0.1716 -11.1954 4.52985 8.802
0.981806 -0.02064 -0.188802 -11.0285 4.52635 8.76991
0.97881 -0.0231394 -0.203496 -10.8621 4.52241 8.73531
0.975588 -0.0256387 -0.218141 -10.6962 4.51805 8.69823
0.972141 -0.0281378 -0.232734 -10.531 4.51327 8.65867
0.970368 -0.0281378 -0.240019 -10.366 4.50849 8.61786
0.966659 -0.0281378 -0.254547 -10.2017 4.5037 8.57459
0.965948 -0.0306367 -0.256944 -10.0375 4.49849 8.53091
0.965303 -0.0306367 -0.259358 -9.87336 4.49329 8.48682
0.965303 -0.0306367 -0.259358 -9.70926 4.48808 8.44273
0.965303 -0.0306367 -0.259358 -9.54516 4.48287 8.39864
0.965303 -0.0306367 -0.259358 -9.38106 4.47766 8.35454
0.965303 -0.0306367 -0.259358 -9.21696 4.47245 8.31045
0.965303 -0.0306367 -0.259358 -9.05285 4.46725 8.26636
0.965303 -0.0306367 -0.259358 -8.88875 4.46204 8.22227
0.964652 -0.0306367 -0.26177 -8.72476 4.45683 8.17777
0.964065 -0.0281378 -0.264201 -8.56087 4.45205 8.13286
0.963402 -0.0281378 -0.26661 -8.39709 4.44726 8.08753
0.963467 -0.0256387 -0.266628 -8.2333 4.4429 8.0422
0.961638 -0.0156408 -0.273903 -8.06982 4.44024 7.99564
0.960342 -0.00814125 -0.278732 -7.90657 4.43886 7.94826
0.958968 -0.000641285 -0.28354 -7.74354 4.43875 7.90005
0.956773 0.00935866 -0.290711 -7.58089 4.44034 7.85063
0.954324 0.0243565 -0.297804 -7.41865 4.44448 7.80001
0.9517 0.0368507 -0.304836 -7.25687 4.45075 7.74819
0.948755 0.0518359 -0.311757 -7.09558 4.45956 7.69519
0.943883 0.0792761 -0.320649 -6.93512 4.47304 7.64068
0.943883 0.0792761 -0.320649 -6.77466 4.48651 7.58617
0.935487 0.124039 -0.330897 -6.61562 4.5076 7.52991
0.9313 0.143859 -0.334664 -6.4573 4.53206 7.47302
0.926726 0.163621 -0.338262 -6.29976 4.55987 7.41552
0.918234 0.198042 -0.342988 -6.14366 4.59354 7.35721
0.908601 0.232221 -0.347177 -5.9892 4.63302 7.29819
0.904077 0.244361 -0.350639 -5.8355 4.67456 7.23858
0.899682 0.258878 -0.351524 -5.68256 4.71857 7.17882
0.892921 0.278144 -0.354039 -5.53076 4.76585 7.11863
0.888058 0.29252 -0.354683 -5.37979 4.81558 7.05834
0.886689 0.297298 -0.354136 -5.22905 4.86612 6.99813
0.87951 0.321072 -0.351269 -5.07954 4.9207 6.93842
0.877249 0.328166 -0.350366 -4.93041 4.97649 6.87886
0.874939 0.335241 -0.349443 -4.78167 5.03348 6.81945
0.872649 0.344646 -0.346001 -4.63332 5.09207 6.76063
0.869435 0.356353 -0.342214 -4.48551 5.15265 6.70245
0.865211 0.370328 -0.338056 -4.33843 5.21561 6.64498
0.860631 0.38883 -0.328848 -4.19212 5.28171 6.58908
0.857512 0.402606 -0.320307 -4.04634 5.35015 6.53463
0.854492 0.411739 -0.316747 -3.90108 5.42015 6.48078
0.848388 0.427624 -0.312074 -3.75685 5.49284 6.42773
0.828037 0.47667 -0.295221 -3.61609 5.57388 6.37754
0.828037 0.47667 -0.295221 -3.47532 5.65491 6.32735
0.811054 0.51359 -0.280057 -3.33744 5.74222 6.27974
0.811054 0.51359 -0.280057 -3.19956 5.82953 6.23213
0.789746 0.551669 -0.268287 -3.0653 5.92332 6.18653
0.789746 0.551669 -0.268287 -2.93105 6.0171 6.14092
0.770904 0.582551 -0.257595 -2.79999 6.11613 6.09713
0.76253 0.594677 -0.254796 -2.67036 6.21723 6.05381
0.755421 0.60468 -0.252421 -2.54194 6.32002 6.0109
0.751098 0.610637 -0.250976 -2.41426 6.42383 5.96823
0.745269 0.618525 -0.249029 -2.28756 6.52898 5.9259
0.742326 0.622446 -0.248045 -2.16136 6.6348 5.88373
0.736386 0.630242 -0.24606 -2.03618 6.74194 5.8419
0.736386 0.630242 -0.24606 -1.91099 6.84908 5.80007
0.734889 0.632181 -0.24556 -1.78606 6.95655 5.75832
0.734889 0.632181 -0.24556 -1.66113 7.06402 5.71658
0.734889 0.632181 -0.24556 -1.5362 7.17149 5.67483
0.734889 0.632181 -0.24556 -1.41127 7.27896 5.63309
0.734889 0.632181 -0.24556 -1.28634 7.38643 5.59134
0.734889 0.632181 -0.24556 -1.16141 7.49391 5.5496
0.734889 0.632181 -0.24556 -1.03648 7.60138 5.50785
0.734889 0.632181 -0.24556 -0.911544 7.70885 5.46611
0.734889 0.632181 -0.24556 -0.786613 7.81632 5.42436
0.734889 0.632181 -0.24556 -0.661682 7.92379 5.38262
0.734889 0.632181 -0.24556 -0.536751 8.03126 5.34087
0.734889 0.632181 -0.24556 -0.41182 8.13873 5.29913
0.734889 0.632181 -0.24556 -0.286888 8.2462 5.25738
0.734889 0.632181 -0.24556 -0.161957 8.35367 5.21564
0.734889 0.632181 -0.24556 -0.0370262 8.46114 5.17389
0.734889 0.632181 -0.24556 0.087905 8.56861 5.13215
0.734889 0.632181 -0.24556 0.212836 8.67608 5.0904
0.734889 0.632181 -0.24556 0.337767 8.78355 5.04866
0.734889 0.632181 -0.24556 0.462698 8.89102 5.00691
0.734273 0.632181 -0.247397 0.587525 8.99849 4.96485
0.734273 0.632181 -0.247397 0.712351 9.10596 4.9228
0.733652 0.632181 -0.249232 0.837072 9.21344 4.88043
0.735375 0.628299 -0.253925 0.962086 9.32025 4.83726
0.734738 0.628299 -0.255763 1.08699 9.42706 4.79378
0.737052 0.624401 -0.258636 1.21229 9.5332 4.74981
0.737872 0.622446 -0.260997 1.33773 9.63902 4.70544
0.736558 0.622446 -0.264684 1.46294 9.74484 4.66045
0.739478 0.618525 -0.265733 1.58865 9.84999 4.61527
0.740263 0.616559 -0.268106 1.7145 9.9548 4.56969
0.741112 0.612615 -0.274719 1.84049 10.0589 4.52299
0.742587 0.608655 -0.279496 1.96673 10.1624 4.47548
0.742587 0.608655 -0.279496 2.09297 10.2659 4.42796
0.749379 0.59065 -0.299296 2.22036 10.3663 4.37708
0.750425 0.584581 -0.30845 2.34793 10.4657 4.32465
0.753975 0.574394 -0.318759 2.47611 10.5633 4.27046
0.756073 0.562051 -0.33536 2.60464 10.6589 4.21344
0.760815 0.5412 -0.35816 2.73398 10.7509 4.15256
0.760689 0.528526 -0.376865 2.8633 10.8407 4.08849
0.764038 0.51359 -0.390494 2.99319 10.928 4.02211
0.762853 0.498496 -0.411791 3.12287 11.0128 3.9521
0.762328 0.463431 -0.451777 3.25247 11.0916 3.8753
0.760757 0.434391 -0.482252 3.38179 11.1654 3.79332
0.756209 0.38191 -0.531327 3.51035 11.2303 3.70299
0.744294 0.335241 -0.577628 3.63688 11.2873 3.60479
0.71559 0.263705 -0.646843 3.63688 11.2873 3.60479
0.71559 0.263705 -0.646843 3.63688 11.2873 3.60479
0.619688 0.111627 -0.776879 3.63688 11.2873 3.60479
0.558786 0.0343524 -0.828609 3.63688 11.2873 3.60479
0.490759 -0.0356338 -0.870575 3.63688 11.2873 3.60479
0.396456 -0.12035 -0.910139 3.63688 11.2873 3.60479
0.309629 -0.18949 -0.931793 3.63688 11.2873 3.60479
0.241043 -0.238327 -0.940805 3.63688 11.2873 3.60479
0.152941 -0.296135 -0.94283 3.63688 11.2873 3.60479
0.080568 -0.341154 -0.936556 3.63688 11.2873 3.60479
0.0239162 -0.376156 -0.926256 3.63688 11.2873 3.60479
-0.0602713 -0.426523 -0.902475 3.63688 11.2873 3.60479
-0.112467 -0.455688 -0.883014 3.63688 11.2873 3.60479
-0.164299 -0.486558 -0.858069 3.63688 11.2873 3.60479
-0.204633 -0.503932 -0.839162 3.63688 11.2873 3.60479
-0.259311 -0.533849 -0.804847 3.63688 11.2873 3.60479
-0.307969 -0.55482 -0.772881 3.63688 11.2873 3.60479
-0.356349 -0.577486 -0.734534 3.63688 11.2873 3.60479
-0.376639 -0.587646 -0.716122 3.63688 11.2873 3.60479
-0.411952 -0.605701 -0.680762 3.63688 11.2873 3.60479
-0.445783 -0.62345 -0.642342 3.63688 11.2873 3.60479
-0.474179 -0.638961 -0.605721 3.63688 11.2873 3.60479
-0.482206 -0.640883 -0.597296 3.63688 11.2873 3.60479
-0.495707 -0.648527 -0.57767 3.63688 11.2873 3.60479
-0.506719 -0.654218 -0.561472 3.63688 11.2873 3.60479
-0.520131 -0.661748 -0.539971 3.63688 11.2873 3.60479
-0.541697 -0.672919 -0.503745 3.63688 11.2873 3.60479
-0.541697 -0.672919 -0.503745 3.63688 11.2873 3.60479
-0.554981 -0.682113 -0.476165 3.63688 11.2873 3.60479
-0.554981 -0.682113 -0.476165 3.63688 11.2873 3.60479
-0.572133 -0.693005 -0.438661 3.63688 11.2873 3.60479
-0.576928 -0.696601 -0.426517 3.63688 11.2873 3.60479
-0.592526 -0.71081 -0.379048 3.63688 11.2873 3.60479
-0.597553 -0.712566 -0.367689 3.63688 11.2873 3.60479
-0.600822 -0.716065 -0.355358 3.63688 11.2873 3.60479
-0.60347 -0.716065 -0.350841 3.63688 11.2873 3.60479
-0.603663 -0.717808 -0.346927 3.63688 11.2873 3.60479
-0.606383 -0.719546 -0.338478 3.63688 11.2873 3.60479
-0.611441 -0.72128 -0.325437 3.63688 11.2873 3.60479
-0.611441 -0.72128 -0.325437 3.63688 11.2873 3.60479
-0.616153 -0.724735 -0.308433 3.74163 11.4105 3.65723
-0.618328 -0.726455 -0.299916 3.84674 11.534 3.70821
-0.619652 -0.728171 -0.29294 3.95208 11.6578 3.75801
-0.621109 -0.728171 -0.289839 4.05767 11.7816 3.80729
-0.623265 -0.728171 -0.285172 4.16363 11.9054 3.85577
-0.623976 -0.728171 -0.283613 4.2697 12.0292 3.90398
-0.623976 -0.728171 -0.283613 4.37578 12.153 3.95219
-0.623976 -0.728171 -0.283613 4.48185 12.2768 4.00041
-0.623976 -0.728171 -0.283613 4.58793 12.4005 4.04862
-0.623976 -0.728171 -0.283613 4.69401 12.5243 4.09684
-0.624683 -0.728171 -0.282052 4.8002 12.6481 4.14479
-0.627046 -0.726455 -0.281234 4.9068 12.7716 4.1926
-0.631057 -0.72301 -0.28114 5.01408 12.8945 4.24039
-0.633409 -0.72128 -0.280292 5.12176 13.0172 4.28804
-0.635756 -0.719546 -0.279432 5.22984 13.1395 4.33554
-0.6381 -0.717808 -0.278561 5.33831 13.2615 4.3829
-0.645348 -0.71081 -0.279806 5.44802 13.3823 4.43047
-0.6486 -0.707284 -0.281217 5.55829 13.5026 4.47827
-0.651837 -0.70374 -0.28262 5.6691 13.6222 4.52632
-0.655057 -0.700179 -0.284016 5.78046 13.7412 4.5746
-0.656661 -0.698392 -0.284711 5.89209 13.86 4.623
-0.66057 -0.694805 -0.284446 6.00439 13.9781 4.67136
-0.66057 -0.694805 -0.284446 6.11668 14.0962 4.71971
-0.66057 -0.694805 -0.284446 6.22898 14.2143 4.76807
-0.662163 -0.693005 -0.285133 6.34155 14.3321 4.81654
-0.662163 -0.693005 -0.285133 6.45412 14.4499 4.86501
-0.662163 -0.693005 -0.285133 6.56668 14.5678 4.91349
-0.663752 -0.6912 -0.285817 6.67952 14.6853 4.96207
-0.663752 -0.6912 -0.285817 6.79236 14.8028 5.01066
-0.665337 -0.689391 -0.286499 6.90547 14.92 5.05937
-0.665337 -0.689391 -0.286499 7.01857 15.0372 5.10807
-0.666918 -0.687578 -0.28718 7.13195 15.154 5.15689
-0.668495 -0.685761 -0.287859 7.24559 15.2706 5.20583
-0.670068 -0.683939 -0.288536 7.35951 15.3869 5.25488
-0.671636 -0.682113 -0.289212 7.47368 15.5029 5.30405
-0.6732 -0.680283 -0.289885 7.58813 15.6185 5.35333
-0.6732 -0.680283 -0.289885 7.70257 15.7341 5.40261
-0.676316 -0.676609 -0.291227 7.81755 15.8492 5.45212
-0.676316 -0.676609 -0.291227 7.93252 15.9642 5.50163
-0.677867 -0.674766 -0.291895 8.04776 16.0789 5.55125
-0.677867 -0.674766 -0.291895 8.16299 16.1936 5.60087
-0.679415 -0.672919 -0.292561 8.27849 16.308 5.65061
-0.679415 -0.672919 -0.292561 8.394 16.4224 5.70034
-0.679415 -0.672919 -0.292561 8.5095 16.5368 5.75008
-0.679415 -0.672919 -0.292561 8.625 16.6512 5.79981
-0.679415 -0.672919 -0.292561 8.7405 16.7656 5.84955
-0.679415 -0.672919 -0.292561 8.856 16.88 5.89928
-0.679415 -0.672919 -0.292561 8.9715 16.9944 5.94902
-0.679415 -0.672919 -0.292561 9.087 17.1088 5.99875
-0.679415 -0.672919 -0.292561 9.2025 17.2232 6.04849
-0.679415 -0.672919 -0.292561 9.318 17.3376 6.09823
-0.680144 -0.672919 -0.290862 9.43362 17.452 6.14767
-0.678595 -0.674766 -0.290199 9.54898 17.5667 6.19701
-0.675355 -0.680283 -0.284828 9.66379 17.6823 6.24543
-0.673622 -0.683939 -0.280138 9.77831 17.7986 6.29305
-0.668867 -0.689391 -0.27816 9.89202 17.9158 6.34034
-0.665447 -0.694805 -0.272843 10.0051 18.0339 6.38672
-0.659658 -0.701962 -0.268546 10.1173 18.1533 6.43237
-0.651798 -0.712566 -0.259664 10.2281 18.2744 6.47652
-0.647457 -0.717808 -0.256061 10.3382 18.3964 6.52005
-0.641381 -0.724735 -0.251806 10.4472 18.5196 6.56285
-0.636926 -0.729882 -0.248221 10.5555 18.6437 6.60505
-0.633518 -0.733291 -0.246893 10.6632 18.7684 6.64702
-0.630094 -0.736681 -0.245558 10.7703 18.8936 6.68877
-0.630094 -0.736681 -0.245558 10.8774 19.0188 6.73051
-0.628376 -0.73837 -0.244889 10.9842 19.1444 6.77214
-0.624928 -0.741732 -0.243545 11.0905 19.2705 6.81355
-0.624928 -0.741732 -0.243545 11.0905 19.2705 6.81355
-0.619727 -0.746742 -0.241518 11.0905 19.2705 6.81355
-0.617986 -0.748402 -0.24084 11.0905 19.2705 6.81355
-0.615032 -0.750058 -0.243238 11.0905 19.2705 6.81355
-0.610931 -0.753356 -0.243384 11.0905 19.2705 6.81355
-0.610931 -0.753356 -0.243384 11.0905 19.2705 6.81355
-0.604974 -0.756634 -0.248049 11.0905 19.2705 6.81355
-0.600225 -0.759894 -0.249614 11.0905 19.2705 6.81355
-0.598969 -0.759894 -0.252612 11.0905 19.2705 6.81355
-0.59595 -0.761517 -0.254856 11.0905 19.2705 6.81355
-0.590525 -0.764748 -0.257792 11.0905 19.2705 6.81355
-0.589229 -0.764748 -0.260742 11.0905 19.2705 6.81355
-0.586172 -0.766357 -0.262901 11.0905 19.2705 6.81355
-0.583764 -0.76796 -0.263577 11.0905 19.2705 6.81355
-0.580692 -0.769559 -0.265693 11.0905 19.2705 6.81355
-0.580026 -0.769559 -0.267143 11.0905 19.2705 6.81355
-0.576937 -0.771153 -0.269226 11.0905 19.2705 6.81355
-0.573839 -0.772742 -0.271282 11.0905 19.2705 6.81355
-0.570732 -0.774327 -0.273313 11.0905 19.2705 6.81355
-0.566924 -0.775907 -0.276736 11.0905 19.2705 6.81355
-0.563793 -0.777481 -0.278706 11.0905 19.2705 6.81355
-0.562392 -0.777481 -0.281522 11.0905 19.2705 6.81355
-0.559949 -0.779051 -0.282052 11.0905 19.2705 6.81355
-0.556795 -0.780616 -0.283962 11.0905 19.2705 6.81355
-0.550462 -0.783732 -0.287704 11.0905 19.2705 6.81355
-0.544822 -0.786827 -0.28998 11.0905 19.2705 6.81355
-0.543366 -0.786827 -0.2927 11.0905 19.2705 6.81355
-0.538434 -0.789903 -0.293527 11.0905 19.2705 6.81355
-0.529543 -0.79448 -0.297325 11.0905 19.2705 6.81355
-0.528049 -0.79448 -0.299969 11.0905 19.2705 6.81355
-0.521583 -0.797507 -0.303234 11.0905 19.2705 6.81355
-0.513369 -0.802009 -0.305368 11.0905 19.2705 6.81355
-0.498608 -0.809413 -0.310253 11.0905 19.2705 6.81355
-0.49206 -0.812339 -0.313047 11.0905 19.2705 6.81355
-0.487067 -0.815245 -0.313302 11.0905 19.2705 6.81355
-0.479572 -0.819566 -0.313591 11.0905 19.2705 6.81355
-0.4655 -0.826664 -0.316154 11.0905 19.2705 6.81355
-0.460499 -0.829467 -0.316135 11.0905 19.2705 6.81355
-0.458 -0.830861 -0.316106 11.0905 19.2705 6.81355
-0.453789 -0.833633 -0.314878 11.0905 19.2705 6.81355
-0.45129 -0.835011 -0.314818 11.0905 19.2705 6.81355
-0.448791 -0.836384 -0.314746 11.0905 19.2705 6.81355
-0.448791 -0.836384 -0.314746 11.0905 19.2705 6.81355
-0.448791 -0.836384 -0.314746 11.0905 19.2705 6.81355
-0.448791 -0.836384 -0.314746 11.0905 19.2705 6.81355
-0.448791 -0.836384 -0.314746 11.0905 19.2705 6.81355
-0.448791 -0.836384 -0.314746 11.0905 19.2705 6.81355
-0.448791 -0.836384 -0.314746 11.0905 19.2705 6.81355
-0.448791 -0.836384 -0.314746 11.0905 19.2705 6.81355
-0.448791 -0.836384 -0.314746 11.0905 19.2705 6.81355
-0.448791 -0.836384 -0.314746 11.0905 19.2705 6.81355
-0.448791 -0.836384 -0.314746 11.1668 19.4126 6.86705
-0.448791 -0.836384 -0.314746 11.2431 19.5548 6.92056
-0.448791 -0.836384 -0.314746 11.3193 19.697 6.97407
-0.448791 -0.836384 -0.314746 11.3956 19.8392 7.02758
-0.448791 -0.836384 -0.314746 11.4719 19.9814 7.08108
-0.448003 -0.836384 -0.315867 11.5481 20.1236 7.13478
-0.448003 -0.836384 -0.315867 11.6243 20.2658 7.18848
-0.447212 -0.836384 -0.316986 11.7003 20.4079 7.24236
-0.446418 -0.836384 -0.318103 11.7762 20.5501 7.29644
-0.445621 -0.836384 -0.319218 11.8519 20.6923 7.35071
-0.444019 -0.836384 -0.321442 11.9274 20.8345 7.40535
-0.442463 -0.835011 -0.327108 12.0026 20.9764 7.46096
-0.441376 -0.826664 -0.349043 12.0777 21.117 7.5203
-0.43517 -0.820996 -0.369607 12.1516 21.2565 7.58313
-0.430931 -0.815245 -0.386899 12.2249 21.3951 7.6489
-0.423545 -0.810879 -0.403859 12.2969 21.533 7.71756
-0.417972 -0.804986 -0.421087 12.368 21.6698 7.78915
-0.406451 -0.797507 -0.445867 12.4371 21.8054 7.86494
-0.40349 -0.794481 -0.453887 12.5056 21.9405 7.9421
-0.397023 -0.789904 -0.467378 12.5731 22.0748 8.02156
-0.391283 -0.786827 -0.477302 12.6397 22.2085 8.1027
-0.380437 -0.785282 -0.488485 12.7043 22.342 8.18574
-0.376762 -0.785282 -0.491324 12.7684 22.4755 8.26927
-0.373067 -0.785282 -0.494136 12.8318 22.609 8.35327
-0.370591 -0.785282 -0.495995 12.8948 22.7425 8.43759
-0.36935 -0.785282 -0.49692 12.9576 22.876 8.52207
-0.366861 -0.785282 -0.49876 13.02 23.0095 8.60685
-0.364453 -0.786827 -0.49809 13.0819 23.1433 8.69153
-0.360707 -0.786827 -0.500809 13.1432 23.277 8.77667
-0.349883 -0.79296 -0.498812 13.2027 23.4118 8.86147
-0.346253 -0.794481 -0.498925 13.2616 23.5469 8.94628
-0.339131 -0.799013 -0.496574 13.3192 23.6827 9.0307
-0.333165 -0.80201 -0.495781 13.3759 23.8191 9.11498
-0.328458 -0.804986 -0.494095 13.4317 23.9559 9.19898
-0.323768 -0.807943 -0.492362 13.4868 24.0933 9.28268
-0.319095 -0.810879 -0.490582 13.541 24.2311 9.36608
-0.313218 -0.813795 -0.48954 13.5942 24.3695 9.4493
-0.308586 -0.81669 -0.487655 13.6467 24.5083 9.5322
-0.301675 -0.820996 -0.484742 13.698 24.6479 9.61461
-0.299382 -0.82242 -0.483748 13.7489 24.7877 9.69684
-0.293604 -0.825255 -0.482461 13.7988 24.928 9.77886
-0.288917 -0.826664 -0.482877 13.8479 25.0685 9.86095
-0.283188 -0.829467 -0.481462 13.8961 25.2095 9.9428
-0.271652 -0.833633 -0.480913 13.9422 25.3512 10.0246
-0.264813 -0.836384 -0.47995 13.9873 25.4934 10.1061
-0.252007 -0.839114 -0.482074 14.0301 25.6361 10.1881
-0.233759 -0.844512 -0.481842 14.0698 25.7796 10.27
-0.233759 -0.844512 -0.481842 14.1096 25.9232 10.3519
-0.201211 -0.849825 -0.487162 14.1438 26.0677 10.4347
-0.185002 -0.85245 -0.488998 14.1752 26.2126 10.5179
-0.141762 -0.860196 -0.48988 14.1993 26.3588 10.6012
-0.128378 -0.862735 -0.489104 14.2212 26.5055 10.6843
-0.0987749 -0.866504 -0.489317 14.2379 26.6528 10.7675
-0.0671322 -0.870223 -0.488079 14.2494 26.8007 10.8505
-0.0284967 -0.876313 -0.480915 14.2542 26.9497 10.9322
0.00158199 -0.878711 -0.477368 14.2539 27.0991 11.0134
0.025204 -0.881087 -0.472299 14.2496 27.2489 11.0937
0.0459918 -0.883441 -0.466297 14.2418 27.399 11.1729
0.0657619 -0.883441 -0.463922 14.2306 27.5492 11.2518
0.0975864 -0.884609 -0.456025 14.2141 27.6996 11.3293
0.11182 -0.885772 -0.450466 14.1951 27.8502 11.4059
0.123046 -0.885772 -0.44753 14.1741 28.0008 11.482
0.133083 -0.885772 -0.444648 14.1515 28.1514 11.5576
0.13863 -0.885772 -0.44295 14.1279 28.3019 11.6329
0.144156 -0.885772 -0.441182 14.1034 28.4525 11.7079
0.154046 -0.885772 -0.437827 14.0772 28.6031 11.7823
0.159506 -0.885772 -0.435868 14.0501 28.7537 11.8564
0.164942 -0.885772 -0.43384 14.0221 28.9043 11.9302
0.171431 -0.885772 -0.431317 13.9929 29.0548 12.0035
0.178952 -0.885772 -0.428251 13.9625 29.2054 12.0763
0.192631 -0.884609 -0.424706 13.9298 29.3558 12.1485
0.192631 -0.884609 -0.424706 13.897 29.5062 12.2207
0.205284 -0.884609 -0.418737 13.8621 29.6566 12.2919
0.208419 -0.884609 -0.417185 13.8267 29.807 12.3628
0.213617 -0.884609 -0.414548 13.863 29.6566 12.2923
0.213634 -0.885773 -0.412048 13.8993 29.506 12.2223
0.214664 -0.885773 -0.411512 13.9358 29.3554 12.1523
0.214664 -0.885773 -0.411512 13.9723 29.2048 12.0824
0.214664 -0.885773 -0.411512 14.0088 29.0542 12.0124
0.214664 -0.885773 -0.411512 14.0453 28.9037 11.9424
0.212613 -0.888082 -0.407581 14.0815 28.7527 11.8731
0.201465 -0.894878 -0.398274 14.1157 28.6006 11.8054
0.181792 -0.905755 -0.382852 14.1466 28.4466 11.7404
0.153791 -0.919048 -0.362925 14.1727 28.2903 11.6787
0.0814328 -0.946807 -0.311354 14.1866 28.1294 11.6257
0.0408208 -0.962391 -0.268615 14.1935 27.9658 11.5801
0.0130118 -0.974767 -0.22288 14.1957 27.8001 11.5422
-0.00315374 -0.981983 -0.188987 14.1952 27.6331 11.51
-0.0227359 -0.993385 -0.11263 14.1913 27.4643 11.4909
-0.0214967 -0.997548 -0.0667211 14.1877 27.2947 11.4796
-0.0159828 -0.999098 -0.0395345 14.185 27.1248 11.4728
-0.00988801 -0.999751 -0.0203819 14.1833 26.9549 11.4694
-0.00252443 -0.999995 -0.00449528 14.1829 26.7849 11.4686
-7.92179e-05 -1.00001 -0.000133914 14.1828 26.6149 11.4686
0.00122877 -1.00001 0.00199661 14.1831 26.4449 11.4689
0.00122877 -1.00001 0.00199661 14.1833 26.2749 11.4693
-0.00147568 -1 -0.00220785 14.183 26.1049 11.4689
-8.807e-05 -1.00001 -0.000128267 14.183 25.9349 11.4689
-8.96664e-05 -1.00001 -0.000127156 14.183 25.7649 11.4688
-9.21914e-05 -1.00001 -0.000125337 14.183 25.5949 11.4688
-9.37509e-05 -1.00001 -0.000124175 14.183 25.4249 11.4688
-9.49879e-05 -1.00001 -0.000123231 14.1829 25.2549 11.4688
-9.65209e-05 -1.00001 -0.000122035 14.1829 25.0849 11.4688
-9.95412e-05 -1.00001 -0.000119584 14.1829 24.9149 11.4687
-0.000101324 -1.00001 -0.000118077 14.1829 24.7449 11.4687
-0.000103083 -1.00001 -0.000116544 14.1829 24.5749 11.4687
-0.000103374 -1.00001 -0.000116286 14.1829 24.4049 11.4687
-0.000103665 -1.00001 -0.000116027 14.1828 24.2348 11.4687
-0.000103665 -1.00001 -0.000116027 14.1828 24.0648 11.4686
-0.00176933 -1 -0.00198033 14.1825 23.8948 11.4683
-0.00343499 -0.999995 -0.00384462 14.1819 23.7248 11.4677
-0.00510063 -0.999979 -0.00570889 14.1811 23.5549 11.4667
-0.00843179 -0.999928 -0.00943731 14.178 23.3849 11.4665
-0.0117628 -0.999852 -0.0131655 14.1738 23.2149 11.4663
-0.0150934 -0.999751 -0.0168933 14.1684 23.0449 11.466
-0.0200324 -0.999553 -0.0225345 14.1611 22.875 11.4655
-0.0249421 -0.999299 -0.0281991 14.1521 22.7051 11.465
-0.0281722 -0.999098 -0.0320118 14.1419 22.5353 11.4643
-0.037635 -0.998346 -0.0436365 14.128 22.3656 11.4633
-0.0438968 -0.99772 -0.0514144 14.1206 22.1959 11.4546
-0.054577 -0.996384 -0.0652336 14.1113 22.0266 11.4435
-0.0620019 -0.995243 -0.0752479 14.1008 21.8574 11.4307
-0.0681201 -0.994219 -0.0830955 14.1008 21.8574 11.4307
-0.0710532 -0.993669 -0.0871167 14.1008 21.8574 11.4307
-0.0770927 -0.992495 -0.0950056 14.1008 21.8574 11.4307
-0.0802186 -0.991871 -0.0988578 14.1008 21.8574 11.4307
-0.0849036 -0.990888 -0.104631 14.1008 21.8574 11.4307
-0.0895839 -0.98985 -0.110399 14.1008 21.8574 11.4307
-0.0998407 -0.987606 -0.12117 14.1008 21.8574 11.4307
-0.113739 -0.984269 -0.135258 14.1008 21.8574 11.4307
-0.151143 -0.973639 -0.170879 14.1008 21.8574 11.4307
-0.18127 -0.963737 -0.195877 14.1008 21.8574 11.4307
-0.208434 -0.953808 -0.216384 14.1008 21.8574 11.4307
-0.223915 -0.947609 -0.227851 14.1008 21.8574 11.4307
-0.271908 -0.926747 -0.25927 14.1008 21.8574 11.4307
-0.271908 -0.926747 -0.25927 14.1008 21.8574 11.4307
-0.308203 -0.908908 -0.280914 14.1008 21.8574 11.4307
-0.316336 -0.904693 -0.285445 14.1008 21.8574 11.4307
-0.3336 -0.894877 -0.296514 14.1008 21.8574 11.4307
-0.341027 -0.89037 -0.301593 14.1008 21.8574 11.4307
-0.350878 -0.884609 -0.307192 14.1008 21.8574 11.4307
-0.359076 -0.879902 -0.311212 14.1008 21.8574 11.4307
-0.359076 -0.879902 -0.311212 14.1008 21.8574 11.4307
-0.359076 -0.879902 -0.311212 14.1008 21.8574 11.4307
-0.359076 -0.879902 -0.311212 14.1008 21.8574 11.4307
-0.359076 -0.879902 -0.311212 14.1008 21.8574 11.4307
-0.359076 -0.879902 -0.311212 14.1008 21.8574 11.4307
-0.359076 -0.879902 -0.311212 14.1008 21.8574 11.4307
-0.359076 -0.879902 -0.311212 14.1008 21.8574 11.4307
-0.359076 -0.879902 -0.311212 14.1008 21.8574 11.4307
-0.359076 -0.879902 -0.311212 14.1008 21.8574 11.4307
-0.359076 -0.879902 -0.311212 14.1008 21.8574 11.4307
-0.359076 -0.879902 -0.311212 14.1008 21.8574 11.4307
-0.359076 -0.879902 -0.311212 14.1008 21.8574 11.4307
-0.359076 -0.879902 -0.311212 14.1008 21.8574 11.4307
-0.359076 -0.879902 -0.311212 14.1008 21.8574 11.4307
-0.359076 -0.879902 -0.311212 14.1008 21.8574 11.4307
-0.359076 -0.879902 -0.311212 14.1008 21.8574 11.4307
-0.360738 -0.878711 -0.312651 14.1008 21.8574 11.4307
-0.363263 -0.876313 -0.316434 14.1008 21.8574 11.4307
-0.364118 -0.875106 -0.318783 14.1008 21.8574 11.4307
-0.365793 -0.872675 -0.323495 14.1008 21.8574 11.4307
-0.365797 -0.871452 -0.326772 14.1008 21.8574 11.4307
-0.367389 -0.868989 -0.331512 14.1008 21.8574 11.4307
-0.367862 -0.863997 -0.343807 14.1008 21.8574 11.4307
-0.36806 -0.855053 -0.365282 14.1008 21.8574 11.4307
-0.368087 -0.848505 -0.38022 14.1008 21.8574 11.4307
-0.36669 -0.844512 -0.390325 14.1008 21.8574 11.4307
-0.36344 -0.839114 -0.40474 14.1008 21.8574 11.4307
-0.362488 -0.835011 -0.413974 14.1008 21.8574 11.4307
-0.358936 -0.832249 -0.422541 14.1008 21.8574 11.4307
-0.358157 -0.830861 -0.425922 14.1008 21.8574 11.4307
-0.356023 -0.830861 -0.427707 14.1008 21.8574 11.4307
-0.356277 -0.829467 -0.430195 14.1008 21.8574 11.4307
-0.351464 -0.825254 -0.442091 14.1008 21.8574 11.4307
-0.350524 -0.82384 -0.445463 14.1008 21.8574 11.4307
-0.3464 -0.819565 -0.456437 14.1008 21.8574 11.4307
-0.343148 -0.815245 -0.46652 14.1008 21.8574 11.4307
-0.331116 -0.807942 -0.487449 14.1008 21.8574 11.4307
-0.325983 -0.804986 -0.49573 14.1008 21.8574 11.4307
-0.317942 -0.800513 -0.508042 14.1008 21.8574 11.4307
-0.311062 -0.797507 -0.516951 14.1008 21.8574 11.4307
-0.297973 -0.791434 -0.533723 14.1008 21.8574 11.4307
-0.290452 -0.788367 -0.542337 14.1008 21.8574 11.4307
-0.281816 -0.786827 -0.549089 14.1008 21.8574 11.4307
-0.273896 -0.783731 -0.55746 14.1008 21.8574 11.4307
-0.265762 -0.780616 -0.565707 14.1008 21.8574 11.4307
-0.253887 -0.775906 -0.577517 14.1008 21.8574 11.4307
-0.249548 -0.775906 -0.579405 14.1008 21.8574 11.4307
-0.24083 -0.775906 -0.583083 14.1008 21.8574 11.4307
-0.23645 -0.775906 -0.584873 14.1008 21.8574 11.4307
-0.229047 -0.772742 -0.591965 14.1008 21.8574 11.4307
-0.209457 -0.769559 -0.60326 14.2033 21.8574 11.3951
-0.196421 -0.76796 -0.609649 14.3069 21.8574 11.3617
-0.187816 -0.766356 -0.61436 14.4114 21.8574 11.3298
-0.159989 -0.766356 -0.622187 14.5172 21.8574 11.3026
-0.151087 -0.764748 -0.626378 14.6236 21.8574 11.2769
-0.135783 -0.763134 -0.631826 14.7311 21.8574 11.2538
-0.11677 -0.763134 -0.635615 14.8391 21.8574 11.2339
-0.0807562 -0.758266 -0.646936 14.9491 21.8574 11.2202
-0.0629372 -0.758266 -0.648912 15.0594 21.8574 11.2095
-0.0452015 -0.756634 -0.652286 15.1703 21.8574 11.2018
-0.0240513 -0.754997 -0.655299 15.2817 21.8574 11.1977
0.0170708 -0.750058 -0.661164 15.3941 21.8574 11.2007
0.038655 -0.748402 -0.66213 15.5067 21.8574 11.2072
0.05535 -0.746742 -0.662819 15.6193 21.8574 11.2166
0.0737605 -0.745076 -0.6629 15.732 21.8574 11.2292
0.109049 -0.741732 -0.661783 15.8445 21.8574 11.2477
0.109049 -0.741732 -0.661783 15.957 21.8574 11.2662
0.137825 -0.738369 -0.660175 16.0693 21.8574 11.2897
0.144419 -0.738369 -0.658763 16.1813 21.8574 11.3142
0.154706 -0.736681 -0.658318 16.2932 21.8574 11.3405
0.162923 -0.736681 -0.656333 16.4047 21.8574 11.3682
0.171114 -0.736681 -0.654245 16.516 21.8574 11.3973
0.174383 -0.736681 -0.653381 16.627 21.8574 11.427
0.176016 -0.736681 -0.652943 16.738 21.8574 11.4569
0.177648 -0.736681 -0.652501 16.849 21.8574 11.4871
0.177648 -0.736681 -0.652501 16.9599 21.8574 11.5173
0.177648 -0.736681 -0.652501 17.0708 21.8574 11.5475
0.177648 -0.736681 -0.652501 17.1817 21.8574 11.5777
0.178131 -0.734988 -0.654276 17.293 21.8574 11.608
0.178131 -0.734988 -0.654276 17.4042 21.8574 11.6382
0.178131 -0.734988 -0.654276 17.5154 21.8574 11.6685
0.178131 -0.734988 -0.654276 17.6266 21.8574 11.6988
0.178131 -0.734988 -0.654276 17.7379 21.8574 11.7291
0.178131 -0.734988 -0.654276 17.8491 21.8574 11.7594
0.178131 -0.734988 -0.654276 17.9603 21.8574 11.7897
0.178131 -0.734988 -0.654276 18.0716 21.8574 11.8199
0.178131 -0.734988 -0.654276 18.1828 21.8574 11.8502
0.178131 -0.734988 -0.654276 18.2637 21.9823 11.9917
0.178131 -0.734988 -0.654276 18.3447 22.1073 12.1332
0.178131 -0.734988 -0.654276 18.4256 22.2322 12.2747
0.178131 -0.734988 -0.654276 18.5066 22.3572 12.4163
0.178131 -0.734988 -0.654276 18.5875 22.4821 12.5578
0.178131 -0.734988 -0.654276 18.6684 22.6071 12.6993
0.178131 -0.734988 -0.654276 18.7494 22.732 12.8408
0.178131 -0.734988 -0.654276 18.8303 22.857 12.9823
0.178131 -0.734988 -0.654276 18.9113 22.9819 13.1238
0.178131 -0.734988 -0.654276 18.9922 23.1069 13.2653
0.178131 -0.734988 -0.654276 19.0732 23.2318 13.4068
0.178131 -0.734988 -0.654276 19.1541 23.3568 13.5483
0.178131 -0.734988 -0.654276 19.2351 23.4817 13.6898
0.178131 -0.734988 -0.654276 19.316 23.6066 13.8313
0.178131 -0.734988 -0.654276 19.3969 23.7316 13.9729
0.178131 -0.734988 -0.654276 19.4779 23.8565 14.1144
0.178131 -0.734988 -0.654276 19.5588 23.9815 14.2559
0.178131 -0.734988 -0.654276 19.6398 24.1064 14.3974
0.178131 -0.734988 -0.654276 19.7207 24.2314 14.5389
0.178131 -0.734988 -0.654276 19.8017 24.3563 14.6804
0.178131 -0.734988 -0.654276 19.8826 24.4813 14.8219
0.175536 -0.73837 -0.651163 19.9635 24.6068 14.9625
0.175536 -0.73837 -0.651163 20.0443 24.7323 15.103
0.156839 -0.753356 -0.638649 20.1262 24.8604 15.2382
0.147561 -0.758266 -0.635038 20.2091 24.9893 15.3713
0.131289 -0.766356 -0.62887 20.2937 25.1196 15.5005
0.121113 -0.769559 -0.626998 20.3797 25.2504 15.6277
0.102255 -0.777481 -0.620551 20.4678 25.3826 15.7505
0.0889891 -0.782176 -0.616683 20.5575 25.5156 15.8705
0.0523907 -0.791434 -0.609019 20.6521 25.6501 15.983
0.0369095 -0.79448 -0.60618 20.7489 25.7852 16.0923
0.0277219 -0.795996 -0.60468 20.847 25.9205 16.1998
0.0140178 -0.799013 -0.601164 20.9468 26.0563 16.3044
0.00648074 -0.800513 -0.599293 21.0476 26.1924 16.4073
0.0034842 -0.800513 -0.599318 21.1489 26.3285 16.5098
0.0019859 -0.800513 -0.599325 21.2504 26.4646 16.612
0.0019859 -0.800513 -0.599325 21.352 26.6007 16.7143
0.0019859 -0.800513 -0.599325 21.4535 26.7368 16.8165
0.0019859 -0.800513 -0.599325 21.5551 26.8728 16.9187
0.0019859 -0.800513 -0.599325 21.6566 27.0089 17.0209
0.0019859 -0.800513 -0.599325 21.7582 27.145 17.1232
0.0019859 -0.800513 -0.599325 21.8597 27.2811 17.2254
0.0019859 -0.800513 -0.599325 21.9613 27.4172 17.3276
0.0019859 -0.800513 -0.599325 22.0628 27.5533 17.4298
0.0019859 -0.800513 -0.599325 22.1643 27.6894 17.532
0.0019859 -0.800513 -0.599325 22.2659 27.8255 17.6343
0.0019859 -0.800513 -0.599325 22.3674 27.9615 17.7365
0.000487583 -0.800513 -0.599328 22.4692 28.0976 17.8385
0.000487583 -0.800513 -0.599328 22.571 28.2337 17.9404
0.000487583 -0.800513 -0.599328 22.6728 28.3698 18.0424
0.000487583 -0.800513 -0.599328 22.7747 28.5059 18.1444
0.000487583 -0.800513 -0.599328 22.8765 28.642 18.2463
-0.00101074 -0.800513 -0.599327 22.9785 28.7781 18.348
-0.00101074 -0.800513 -0.599327 23.0806 28.9142 18.4498
-0.00101074 -0.800513 -0.599327 23.1826 29.0502 18.5515
-0.00101074 -0.800513 -0.599327 23.2843 28.9142 18.4494
-0.00101074 -0.800513 -0.599327 23.3861 28.7781 18.3474
-0.00101074 -0.800513 -0.599327 23.4878 28.642 18.2453
-0.00101074 -0.800513 -0.599327 23.5895 28.5059 18.1432
-0.00101074 -0.800513 -0.599327 23.6912 28.3698 18.0412
-0.00101074 -0.800513 -0.599327 23.7929 28.2337 17.9391
-0.00101074 -0.800513 -0.599327 23.8946 28.0976 17.8371
-0.00101074 -0.800513 -0.599327 23.9963 27.9615 17.735
-0.00101074 -0.800513 -0.599327 24.098 27.8255 17.633
-0.00101074 -0.800513 -0.599327 24.1998 27.6894 17.5309
-0.00101074 -0.800513 -0.599327 24.3015 27.5533 17.4288
-0.00101074 -0.800513 -0.599327 24.4032 27.4172 17.3268
-0.00101074 -0.800513 -0.599327 24.5049 27.2811 17.2247
-0.00101074 -0.800513 -0.599327 24.6066 27.145 17.1227
-0.00101074 -0.800513 -0.599327 24.7083 27.0089 17.0206
-0.00101074 -0.800513 -0.599327 24.81 26.8728 16.9186
-0.00101074 -0.800513 -0.599327 24.9117 26.7368 16.8165
-0.00101074 -0.800513 -0.599327 25.0135 26.6007 16.7145
-0.00101074 -0.800513 -0.599327 25.1152 26.4646 16.6124
-0.00101074 -0.800513 -0.599327 25.2169 26.3285 16.5103
-0.00101074 -0.800513 -0.599327 25.3186 26.1924 16.4083
-0.00101074 -0.800513 -0.599327 25.4203 26.0563 16.3062
-0.00101074 -0.800513 -0.599327 25.522 25.9202 16.2042
-0.00101074 -0.800513 -0.599327 25.6237 25.7841 16.1021
-0.00101074 -0.800513 -0.599327 25.7255 25.6481 16.0001
-0.00101074 -0.800513 -0.599327 25.8272 25.512 15.898
-0.00101074 -0.800513 -0.599327 25.9289 25.3759 15.7959
-0.00101074 -0.800513 -0.599327 26.0306 25.2398 15.6939
-0.00101074 -0.800513 -0.599327 26.1323 25.1037 15.5918
-0.00101074 -0.800513 -0.599327 26.234 24.9676 15.4898
-0.00101074 -0.800513 -0.599327 26.3357 24.8315 15.3877
-0.00101074 -0.800513 -0.599327 26.4374 24.6954 15.2857
-0.00101074 -0.800513 -0.599327 26.5392 24.5594 15.1836
-0.00101074 -0.800513 -0.599327 26.6409 24.4233 15.0815
-0.00101074 -0.800513 -0.599327 26.7426 24.2872 14.9795
-0.00101074 -0.800513 -0.599327 26.8443 24.1511 14.8774
-0.00101074 -0.800513 -0.599327 26.946 24.015 14.7754
-0.00101074 -0.800513 -0.599327 27.0477 23.8789 14.6733
-0.00400735 -0.800513 -0.599315 27.1489 23.7428 14.5707
-0.00400735 -0.800513 -0.599315 27.2501 23.6067 14.4682
-0.0114983 -0.800513 -0.599218 27.35 23.4707 14.3644
-0.0249766 -0.800513 -0.598807 27.4476 23.3346 14.2583
-0.0249766 -0.800513 -0.598807 27.5451 23.1985 14.1523
-0.036947 -0.800513 -0.598188 27.6406 23.0624 14.0443
-0.0414323 -0.800513 -0.597894 27.7352 22.9263 13.9356
-0.0489026 -0.800513 -0.59733 27.8284 22.7902 13.8258
-0.0548733 -0.800513 -0.596811 27.9205 22.6541 13.715
-0.0610415 -0.799013 -0.598221 28.0118 22.5183 13.6029
-0.067243 -0.797507 -0.599564 28.1023 22.3827 13.4895
-0.0762286 -0.797507 -0.598488 28.1911 22.2471 13.3748
-0.0854783 -0.795996 -0.599249 28.2785 22.1118 13.2584
-0.0932674 -0.79448 -0.600099 28.3646 21.9768 13.1406
-0.0977654 -0.79448 -0.599382 28.4499 21.8417 13.022
-0.110091 -0.79296 -0.599259 28.533 21.7069 12.9015
-0.122846 -0.789903 -0.600814 28.6143 21.5726 12.7784
-0.132692 -0.786827 -0.602754 28.6942 21.4389 12.6534
-0.155168 -0.782176 -0.60344 28.7704 21.3059 12.5244
-0.155168 -0.782176 -0.60344 28.8466 21.1729 12.3955
-0.169762 -0.779051 -0.603553 28.9204 21.0405 12.264
-0.174284 -0.779051 -0.602263 28.9931 20.908 12.132
-0.176334 -0.777481 -0.603693 29.0658 20.7759 11.9994
-0.176334 -0.777481 -0.603693 29.1384 20.6437 11.8668
-0.176334 -0.777481 -0.603693 29.2111 20.5115 11.7342
-0.176334 -0.777481 -0.603693 29.2837 20.3794 11.6016
-0.176334 -0.777481 -0.603693 29.3564 20.2472 11.469
-0.176334 -0.777481 -0.603693 29.429 20.115 11.3364
-0.176334 -0.777481 -0.603693 29.5017 19.9828 11.2038
-0.176334 -0.777481 -0.603693 29.5743 19.8507 11.0712
-0.176334 -0.777481 -0.603693 29.647 19.7185 10.9386
-0.176334 -0.777481 -0.603693 29.7197 19.5863 10.806
-0.176334 -0.777481 -0.603693 29.7923 19.4542 10.6734
-0.176334 -0.777481 -0.603693 29.865 19.322 10.5407
-0.176334 -0.777481 -0.603693 29.9376 19.1898 10.4081
-0.176334 -0.777481 -0.603693 30.0103 19.0576 10.2755
-0.176334 -0.777481 -0.603693 30.0829 18.9255 10.1429
-0.176334 -0.777481 -0.603693 30.1556 18.7933 10.0103
-0.176334 -0.777481 -0.603693 30.2282 18.6611 9.87772
-0.176334 -0.777481 -0.603693 30.3009 18.5289 9.74512
-0.176334 -0.777481 -0.603693 30.3735 18.3968 9.61251
-0.177843 -0.777481 -0.60325 30.4458 18.2646 9.47973
-0.180857 -0.777481 -0.602354 30.5175 18.1324 9.34658
-0.188954 -0.775907 -0.601898 30.5877 18.0005 9.21214
-0.206693 -0.772743 -0.600136 30.6546 17.8692 9.07498
-0.206693 -0.772743 -0.600136 30.7215 17.7378 8.93782
-0.220644 -0.76796 -0.601306 30.7862 17.6072 8.79808
-0.232515 -0.764748 -0.600927 30.8488 17.4772 8.6564
-0.244434 -0.761517 -0.6003 30.9093 17.3478 8.51279
-0.258643 -0.756634 -0.60052 30.9674 17.2192 8.36674
-0.271439 -0.751709 -0.601057 31.0235 17.0914 8.21841
-0.282718 -0.750058 -0.597912 31.0771 16.9639 8.06871
-0.289501 -0.748402 -0.596741 31.1293 16.8366 7.91804
-0.297774 -0.746742 -0.594746 31.1798 16.7097 7.76632
-0.311951 -0.745077 -0.589545 31.227 16.583 7.61306
-0.349637 -0.740053 -0.574536 31.2652 16.4572 7.45595
-0.366882 -0.734988 -0.570268 31.2998 16.3323 7.29664
-0.388598 -0.724735 -0.569005 31.3304 16.2091 7.13384
-0.438364 -0.698392 -0.565775 31.3521 16.0903 6.96314
-0.513569 -0.66362 -0.54394 31.3573 15.9775 6.78336
-0.609612 -0.621493 -0.492073 31.3373 15.8719 6.59608
-0.63265 -0.609672 -0.477567 31.3109 15.7682 6.40734
-0.67375 -0.589667 -0.445388 31.2721 15.668 6.21709
-0.699374 -0.579526 -0.41838 31.2243 15.5694 6.02707
-0.706016 -0.575444 -0.412823 31.1745 15.4716 5.83687
-0.710337 -0.573397 -0.408232 31.1231 15.3741 5.64671
-0.713613 -0.571347 -0.405382 31.0707 15.277 5.45648
-0.716875 -0.569294 -0.402507 31.0173 15.1802 5.26619
-0.720121 -0.567236 -0.399606 30.9628 15.0838 5.07583
-0.721117 -0.567236 -0.397805 30.9078 14.9874 4.88562
-0.722357 -0.565176 -0.398489 30.8528 14.8913 4.69507
-0.723351 -0.565176 -0.396681 30.7972 14.7952 4.50467
-0.723351 -0.565176 -0.396681 30.7417 14.6991 4.31426
-0.723351 -0.565176 -0.396681 30.6862 14.6031 4.12386
-0.723351 -0.565176 -0.396681 30.6306 14.507 3.93345
-0.723351 -0.565176 -0.396681 30.5751 14.4109 3.74305
-0.72434 -0.565176 -0.394872 30.5191 14.3148 3.55278
-0.725325 -0.565176 -0.39306 30.4626 14.2187 3.36265
-0.729498 -0.563112 -0.388272 30.4046 14.123 3.17263
-0.73143 -0.563112 -0.384619 30.3456 14.0273 2.9829
-0.740232 -0.561044 -0.370544 30.2828 13.9319 2.79407
-0.752284 -0.558973 -0.348762 30.2142 13.8369 2.60689
-0.763321 -0.55482 -0.330956 30.1407 13.7426 2.42087
-0.776242 -0.550653 -0.306994 30.0609 13.6489 2.23672
-0.799621 -0.535961 -0.270865 29.971 13.5578 2.05474
-0.804216 -0.533849 -0.261262 29.8787 13.4671 1.8736
-0.816176 -0.525367 -0.240547 29.7809 13.3778 1.69396
-0.822308 -0.51897 -0.233443 29.6808 13.2895 1.51448
-0.832334 -0.510396 -0.216177 29.576 13.2028 1.33624
-0.844343 -0.49744 -0.199132 29.4663 13.1182 1.15885
-0.852769 -0.486558 -0.189899 29.3536 13.0355 0.981592
-0.858171 -0.479992 -0.182114 29.2387 12.9539 0.804744
-0.862291 -0.475599 -0.173996 29.1217 12.873 0.628575
-0.87172 -0.462351 -0.16233 29.0011 12.7944 0.452786
-0.87172 -0.462351 -0.16233 28.8805 12.7158 0.276998
-0.875566 -0.457912 -0.154004 28.7578 12.638 0.101971
-0.880425 -0.451232 -0.145798 28.633 12.5613 -0.072487
-0.880425 -0.451232 -0.145798 28.5081 12.4846 -0.246945
-0.885159 -0.444526 -0.137502 28.381 12.409 -0.420797
-0.885159 -0.444526 -0.137502 28.2539 12.3334 -0.594649
-0.889764 -0.437795 -0.129119 28.1246 12.259 -0.76786
-0.892865 -0.433294 -0.122738 27.9936 12.1854 -0.940512
-0.896185 -0.428783 -0.114076 27.8607 12.1125 -1.11226
-0.902012 -0.419727 -0.101093 27.7245 12.0411 -1.28278
-0.904581 -0.415184 -0.0968042 27.5872 11.9705 -1.45302
-0.908126 -0.408349 -0.0925934 27.4486 11.9011 -1.62314
-0.912597 -0.3992 -0.0884411 27.3085 11.8332 -1.79332
-0.917165 -0.390012 -0.0819453 27.1665 11.7669 -1.96317
-0.921207 -0.380784 -0.0799856 27.0235 11.7022 -2.13337
-0.930601 -0.357551 -0.0784577 26.8786 11.6414 -2.30491
-0.933247 -0.350537 -0.0786807 26.7333 11.5818 -2.47694
-0.936887 -0.341154 -0.0766293 26.5871 11.5238 -2.64924
-0.938765 -0.336449 -0.0744207 26.4401 11.4666 -2.82148
-0.9396 -0.334094 -0.074487 26.2931 11.4098 -2.99387
-0.9396 -0.334094 -0.074487 26.146 11.3531 -3.16627
-0.9396 -0.334094 -0.074487 25.9989 11.2963 -3.33866
-0.9396 -0.334094 -0.074487 26.0116 11.2963 -3.49839
-0.9396 -0.334094 -0.074487 26.0243 11.2963 -3.65813
-0.9396 -0.334094 -0.074487 26.0369 11.2963 -3.81786
-0.9396 -0.334094 -0.074487 26.0496 11.2963 -3.97759
-0.9396 -0.334094 -0.074487 26.0623 11.2963 -4.13732
-0.939784 -0.334094 -0.0721378 26.0745 11.2963 -4.29709
-0.939961 -0.334094 -0.0697881 26.0864 11.2963 -4.45688
-0.940133 -0.334094 -0.067438 26.0978 11.2963 -4.6167
-0.939223 -0.338803 -0.055582 26.1073 11.2963 -4.77637
-0.939223 -0.338803 -0.055582 26.1167 11.2963 -4.93604
-0.936714 -0.348194 -0.0366533 26.123 11.2963 -5.09528
-0.936714 -0.348194 -0.0366533 26.1292 11.2963 -5.25452
-0.933839 -0.357551 -0.0108421 26.131 11.2963 -5.41327
-0.929305 -0.369196 0.0101208 26.1293 11.2963 -5.57125
-0.924077 -0.380784 0.0331796 26.1293 11.2963 -5.57125
-0.917993 -0.392313 0.0582699 26.1293 11.2963 -5.57125
-0.905187 -0.412908 0.10079 26.1293 11.2963 -5.57125
-0.893151 -0.428783 0.1358 26.1293 11.2963 -5.57125
-0.872798 -0.448999 0.191412 26.1293 11.2963 -5.57125
-0.837501 -0.475599 0.269097 26.1293 11.2963 -5.57125
-0.813544 -0.49092 0.311704 26.1293 11.2963 -5.57125
